28 5
16
4001 8001 20001 40001 80001 100001 200001 1000001 20002 80002 800002 4004 8004 10004 40004 100004 200004 400004 800004 1000004 4000004 4008 8008 10008 20008 100008 400008 800008 8000008 10010 40010 1000010 2000010 4000010 8020 20020 40020 100020 200020 800020 1000020 2000020 4000020 8000020 8040 10040 80040 100040 200040 800040 1000040 4000040 8000040 8080 20080 100080 200080 400080 1000080 2000080 4000080 4100 10100 200100 400100 800100 1000100 8000100 4200 8200 20200 40200 80200 100200 200200 400200 1000200 4000200 8000200 4400 8400 100400 200400 2000400 4000400 8000400 4800 10800 100800 400800 800800 1000800 2000800 5000 9000 21000 801000 1001000 2001000 4001000 a000 12000 82000 1002000 2002000 8002000 10 40 80 100 200 400 800 1000 2000 40000 200000 800000 2000000 8000000 0
4001 20001 100001 800001 1000001 2000001 4002 8002 1000002 4000002 4004 10004 40004 100004 200004 400004 800004 1000004 2000004 4000004 8000004 4008 10008 20008 100008 800008 1000008 4000008 4010 8010 10010 100010 200010 800010 2000010 4000010 80020 100020 800020 4000020 8000020 4040 8040 800040 2000040 8000040 400080 800080 8000080 10100 20100 80100 100100 200100 1000100 8000100 80200 100200 200200 800200 2000200 4000200 8000200 10400 20400 100400 200400 800400 4800 8800 10800 20800 40800 80800 200800 8000800 9000 41000 1001000 2001000 4001000 6000 12000 22000 202000 1002000 1 2 4 10 100 400 1000 8000 10000 20000 100000 200000 1000000 2000000 4000000 8000000
8001 10001 20001 40001 80001 200001 400001 800001 2000001 8000001 8002 10002 80002 200002 800002 2000002 8000002 4004 8004 10004 20004 80004 200004 400004 800004 2000004 8000004 8008 20008 200008 2000008 8010 10010 40010 200010 800010 1000010 2000010 4000010 8000010 4020 100020 200020 400020 2000020 8000020 4040 8040 10040 20040 40040 100040 200040 400040 4000040 8080 10080 40080 4000080 40100 80100 100100 200100 400100 4000100 4200 10200 40200 100200 200200 400200 2000200 4000200 10400 200400 400400 1000400 2000400 20800 40800 100800 200800 800800 1000800 8000800 9000 11000 21000 41000 101000 201000 401000 801000 1001000 2001000 42000 82000 202000 402000 802000 2 4 20 400 4000 20000 100000 400000 800000 4000000 8000000
8001 10001 20001 400001 800001 1000001 2000001 4000001 8000001 10002 40002 100002 200002 800002 4000002 10004 20004 100004 200004 400004 800004 1000004 2000004 4000004 10008 40008 100008 200008 1000008 2000008 8000008 8010 10010 20010 80010 200010 2000010 8000010 8020 10020 20020 40020 80020 800020 1000020 2000020 8000020 10040 80040 100040 200040 400040 800040 1000040 2000040 4000040 8080 20080 40080 100080 200080 1000080 2000080 8100 10100 20100 80100 400100 8200 10200 20200 40200 100200 400200 800200 1000200 8000200 4400 40400 80400 200400 400400 800400 1000400 2000400 4000400 4800 20800 80800 200800 800800 1000800 2000800 4000800 5000 201000 4001000 8001000 a000 12000 102000 4002000 1 400 2000 40000 80000 100000 4000000 8000000 0
20001 800001 1000001 4000001 8000001 4002 8002 10002 40002 80002 100002 200002 400002 1000002 2000002 4004 8004 10004 20004 40004 80004 200004 800004 1000004 2000004 8000004 10008 40008 200008 400008 800008 1000008 2000008 40010 80010 100010 800010 2000010 4000010 4020 10020 40020 80020 100020 4000020 4040 8040 20040 40040 80040 200040 400040 800040 1000040 2000040 4000040 8000040 20080 40080 1000080 8000080 4100 8100 80100 1000100 8000100 40200 80200 200200 2000200 8000200 4400 20400 80400 100400 400400 1000400 8800 10800 20800 40800 80800 100800 400800 1000800 2000800 4000800 5000 9000 21000 81000 201000 401000 4001000 8001000 6000 22000 42000 202000 402000 10 40 100 200 400 4000 10000 80000 200000 400000 8000000 0
4001 8001 10001 20001 1000001 2000001 4000001 8000001 10002 80002 200002 800002 2000002 4000002 8000002 4004 10004 20004 40004 400004 8000004 10008 100008 400008 800008 1000008 2000008 4000008 8000008 80010 800010 20020 80020 100020 400020 2000020 8000020 4040 10040 100040 200040 400040 800040 2000040 8000040 10080 20080 200080 400080 800080 1000080 4000080 8000080 4100 8100 200100 8000100 4200 40200 800200 1000200 2000200 4000200 4400 80400 100400 400400 800400 1000400 2000400 4000400 10800 20800 100800 800800 2000800 8000800 5000 9000 11000 81000 101000 401000 801000 1001000 4001000 8001000 82000 102000 802000 1002000 2002000 8 20 40 80 200 800 1000 2000 10000 80000 200000 400000 800000 2000000
4001 8001 10001 40001 80001 200001 400001 2000001 4000001 8000001 8002 2000002 4004 8004 20004 80004 100004 200004 800004 4000004 10008 20008 200008 400008 4000008 4010 10010 200010 800010 1000010 8020 20020 40020 80020 100020 200020 2000020 4000020 40040 400040 1000040 10080 20080 80080 100080 400080 1000080 4000080 8000080 4100 40100 80100 400100 1000100 2000100 4000100 10200 40200 80200 800200 2000200 8000200 10400 20400 40400 80400 100400 400400 1000400 2000400 4800 10800 20800 40800 80800 200800 800800 1000800 5000 9000 21000 41000 81000 201000 401000 1001000 2001000 8001000 a000 22000 42000 102000 402000 802000 1002000 2002000 8002000 4 10 40 80 200 1000 40000 80000 100000 200000 400000 0
8001 20001 40001 100001 2000001 8000001 4002 8002 10002 40002 80002 1000002 2000002 8000002 10004 80004 100004 400004 4000004 8000004 100008 200008 4000008 8000008 100010 400010 8000010 4020 8020 10020 40020 100020 2000020 8040 40040 100040 400040 2000040 8000040 8080 10080 20080 200080 800080 1000080 2000080 4000080 8000080 8100 400100 4000100 8200 2000200 4000200 8000200 4400 8400 200400 400400 4000400 8000400 4800 8800 10800 20800 40800 80800 100800 200800 400800 1000800 2000800 5000 11000 21000 201000 4001000 8001000 6000 42000 82000 202000 802000 4002000 2 4 10 40 100 400 800 1000 4000 8000 10000 40000 100000 200000 1000000 8000000
20001 40001 80001 200001 400001 1000001 8002 10002 80002 200002 800002 4000002 8000002 8004 10004 40004 80004 100004 200004 400004 800004 4000004 8000004 20008 100008 200008 800008 1000008 2000008 8000008 4010 10010 80010 200010 1000010 8020 40020 200020 400020 4000020 8000020 4040 10040 40040 100040 200040 800040 1000040 2000040 8000040 80080 100080 200080 800080 8100 40100 80100 200100 400100 1000100 2000100 4000100 8000100 4200 10200 80200 1000200 4000200 8000200 4400 10400 20400 40400 800400 4000400 4800 40800 80800 100800 200800 1000800 2000800 8000800 11000 21000 41000 101000 201000 801000 2001000 4001000 a000 22000 42000 82000 402000 8002000 2 100 200 400 800 2000 4000 8000 10000 40000 80000 100000 800000 1000000
8001 10001 20001 40001 80001 100001 800001 2000001 4000001 8000001 10002 20002 100002 2000002 4000002 8000002 4004 10004 40004 80004 100004 400004 1000004 2000004 4000004 4008 8008 200008 400008 2000008 4010 10010 20010 40010 200010 400010 800010 1000010 8000010 8020 40020 80020 400020 800020 1000020 4000020 4040 100040 200040 1000040 2000040 8000040 4080 20080 80080 400080 1000080 4100 20100 40100 100100 800100 1000100 4000100 8200 10200 40200 800200 2000200 4400 8400 10400 20400 40400 80400 100400 800400 1000400 4000400 8000400 8800 40800 80800 100800 200800 400800 2000800 8000800 9000 81000 101000 201000 401000 1001000 2001000 4001000 12000 22000 102000 402000 802000 1002000 2002000 4002000 1 4 8 10 80 100 400 4000 8000 20000 40000 400000 800000 0
4001 20001 80001 200001 800001 2000001 8000001 4002 10002 40002 80002 100002 800002 1000002 2000002 4000002 8000002 8004 80004 800004 1000004 4000004 4008 10008 40008 80008 100008 800008 4000008 4010 10010 400010 800010 1000010 2000010 4000010 40020 800020 1000020 2000020 4000020 10040 20040 40040 100040 1000040 8080 20080 40080 80080 100080 200080 400080 1000080 4000080 4100 8100 10100 100100 200100 400100 800100 1000100 2000100 8200 10200 100200 200200 1000200 4000200 8000200 4400 8400 10400 20400 80400 800400 1000400 4000400 20800 40800 200800 800800 2000800 5000 9000 11000 21000 2001000 8001000 a000 12000 42000 102000 202000 1002000 2002000 4002000 1 2 20 40 100 800 1000 2000 4000 8000 10000 80000 200000 800000 1000000 2000000 8000000
8001 10001 200001 400001 1000001 80002 800002 1000002 4000002 4004 8004 20004 80004 100004 200004 400004 1000004 4000004 4008 10008 20008 80008 100008 200008 800008 1000008 2000008 20010 80010 200010 400010 1000010 2000010 8000010 8020 10020 20020 80020 100020 200020 4000020 4040 8040 10040 80040 100040 200040 800040 2000040 20080 40080 200080 8000080 4100 10100 20100 40100 100100 400100 800100 8200 40200 100200 200200 400200 800200 1000200 4000200 8000200 4400 10400 80400 100400 400400 4000400 8000400 10800 20800 40800 800800 1000800 4000800 8000800 9000 21000 101000 201000 401000 1001000 a000 22000 202000 402000 1002000 2002000 1 4 8 20 80 200 400 1000 2000 8000 40000 100000 400000 800000 1000000 8000000
4001 8001 20001 80001 100001 200001 400001 800001 8000001 4002 8002 10002 100002 400002 1000002 2000002 4004 20004 200004 400004 800004 1000004 2000004 8000004 8008 10008 20008 40008 100008 400008 800008 1000008 4000008 8000008 8010 10010 40010 1000010 2000010 8000010 8020 10020 40020 80020 200020 1000020 2000020 4000020 8000020 8040 10040 100040 400040 800040 1000040 2000040 4080 8080 10080 200080 800080 1000080 8000080 4100 8100 10100 100100 200100 800100 2000100 4200 8200 20200 40200 80200 100200 400200 800200 8400 20400 200400 400400 1000400 4000400 4800 20800 40800 80800 200800 400800 1000800 2000800 5000 9000 401000 8001000 6000 12000 22000 42000 82000 402000 4002000 8002000 1 2 4 10 40 800 2000 40000 80000 200000 800000 1000000 2000000 4000000 8000000 0
8001 10001 20001 40001 2000001 4000001 8000001 8002 20002 40002 80002 200002 800002 8000002 8004 200004 800004 2000004 4008 8008 10008 20008 40008 400008 2000008 4000008 8010 10010 20010 40010 80010 200010 1000010 2000010 8000010 20020 40020 80020 100020 400020 800020 4000020 8000020 4040 8040 10040 40040 80040 800040 8080 10080 80080 200080 400080 800080 4000080 8000080 4100 40100 100100 400100 800100 2000100 8200 20200 40200 80200 4000200 4400 10400 40400 80400 400400 4800 20800 80800 200800 400800 1000800 2000800 4000800 11000 21000 41000 81000 101000 401000 1001000 4001000 22000 82000 202000 402000 802000 2002000 4002000 8002000 1 2 40 80 100 200 400 800 1000 4000 8000 10000 40000 80000 200000 800000 1000000 2000000
40001 100001 200001 400001 800001 2000001 4002 8002 40002 80002 200002 400002 2000002 8000002 8004 100004 2000004 4000004 8000004 4008 10008 20008 80008 200008 2000008 4010 8010 40010 80010 200010 400010 800010 1000010 2000010 8000010 4020 8020 800020 1000020 4000020 4040 8040 10040 40040 80040 400040 800040 2000040 4000040 8000040 20080 40080 80080 100080 200080 400080 2000080 4000080 8000080 400100 2000100 4000100 8000100 10200 40200 80200 200200 400200 800200 1000200 2000200 4000200 4400 8400 10400 800400 4800 10800 20800 80800 800800 2000800 4000800 8000800 21000 81000 101000 201000 801000 22000 42000 102000 802000 1002000 2002000 1 2 4 10 40 80 100 200 400 1000 4000 8000 10000 100000 200000 1000000 8000000
8001 20001 40001 100001 800001 1000001 2000001 4000001 8000001 4002 10002 80002 100002 200002 400002 2000002 4000002 4004 20004 80004 100004 200004 400004 800004 4000004 8000004 10008 20008 40008 80008 200008 400008 1000008 2000008 4000008 8000008 10010 40010 200010 400010 800010 2000010 20020 40020 100020 1000020 2000020 8000020 10040 80040 400040 800040 2000040 4000040 8000040 40080 80080 200080 400080 1000080 4000080 4100 8100 40100 400100 1000100 2000100 4200 10200 40200 100200 200200 400200 8400 10400 80400 100400 800400 8000400 4800 20800 200800 800800 1000800 2000800 4000800 5000 11000 201000 801000 6000 12000 22000 42000 102000 202000 802000 1002000 2002000 4002000 8002000 2 8 10 20 40 400 800 1000 2000 8000 40000 100000 200000 1000000 2000000 4000000 0
