28 5
15
4001 40001 100001 200001 800001 1000001 2000001 4000001 8000001 4002 8002 20002 80002 1000002 10004 20004 40004 200004 400004 2000004 4000004 8000004 4008 8008 40008 80008 200008 800008 1000008 2000008 4000008 4010 80010 400010 800010 2000010 8000010 10020 80020 100020 200020 400020 1000020 2000020 4000020 4040 8040 20040 80040 200040 800040 2000040 8000040 8080 20080 80080 1000080 2000080 8100 10100 40100 80100 200100 8000100 10200 80200 100200 800200 1000200 2000200 8000200 4400 8400 80400 100400 200400 400400 1000400 4800 20800 80800 100800 200800 800800 2000800 8000800 9000 11000 81000 101000 201000 1001000 4001000 8001000 82000 202000 802000 2002000 4002000 1 2 10 40 200 400 10000 400000 800000 1000000 2000000 0
200001 800001 40002 80002 100002 8000002 10004 20004 40004 100004 200004 2000004 8000004 8008 10008 40008 100008 200008 2000008 4000008 8000008 4010 8010 40010 100010 200010 400010 1000010 2000010 8000010 20020 40020 100020 200020 400020 800020 1000020 8000020 10040 400040 800040 4080 8080 10080 80080 200080 400080 800080 2000080 8000080 4100 20100 40100 200100 1000100 4000100 8200 10200 40200 200200 400200 1000200 4000200 4400 8400 10400 400400 800400 1000400 4000400 8000400 10800 800800 4000800 8000800 11000 41000 81000 401000 1001000 2001000 8001000 6000 a000 82000 402000 802000 2002000 8002000 1 8 10 20 40 400 8000 10000 200000 0
8001 10001 20001 100001 1000001 2000001 4002 10002 40002 200002 400002 800002 1000002 4004 80004 200004 400004 800004 2000004 4000004 10008 20008 400008 4000008 4010 8010 100010 200010 800010 4000010 4020 10020 40020 100020 400020 1000020 2000020 8000020 4040 8040 40040 100040 1000040 8000040 4080 8080 10080 100080 200080 400080 800080 1000080 2000080 4000080 8100 80100 200100 1000100 2000100 4000100 4200 8200 40200 80200 200200 2000200 4000200 4400 20400 40400 80400 200400 400400 800400 1000400 4000400 8000400 8800 10800 100800 400800 2000800 8000800 9000 21000 41000 81000 101000 401000 1001000 2001000 6000 12000 22000 42000 82000 102000 802000 1002000 2002000 8002000 1 4 8 10 20 100 1000 2000 10000 20000 80000 100000 200000 1000000 8000000
8001 10001 80001 400001 1000001 8000001 8002 10002 20002 200002 400002 1000002 8000002 8004 100004 400004 1000004 2000004 4000004 8000004 4008 8008 400008 800008 1000008 2000008 8000008 4010 8010 40010 80010 100010 200010 400010 800010 1000010 2000010 8020 10020 100020 1000020 2000020 4000020 8040 10040 40040 200040 1000040 4000040 4080 20080 200080 800080 4000080 8000080 4100 8100 10100 20100 80100 100100 800100 1000100 4000100 8000100 80200 200200 400200 800200 2000200 4000200 2000400 20800 40800 800800 1000800 8000800 9000 11000 41000 81000 1001000 8001000 6000 12000 22000 202000 402000 2 4 8 10 100 400 1000 2000 8000 10000 20000 100000 400000 800000 1000000 4000000 8000000 0
8001 100001 800001 8000001 8002 10002 20002 800002 1000002 8000002 4004 8004 40004 80004 200004 1000004 2000004 4000004 8000004 4008 20008 40008 80008 100008 200008 400008 40010 100010 200010 800010 4000010 4020 10020 400020 8000020 20040 40040 80040 100040 200040 2000040 4000040 8000040 4080 10080 40080 100080 400080 800080 2000080 4000080 10100 80100 100100 200100 800100 1000100 4200 8200 10200 40200 80200 100200 200200 800200 1000200 2000200 4000200 8000200 4400 10400 80400 100400 400400 800400 1000400 2000400 4000400 8000400 4800 10800 40800 80800 100800 200800 400800 1000800 2000800 4000800 41000 101000 201000 401000 801000 1001000 2001000 4001000 6000 12000 102000 802000 1002000 2002000 4002000 8002000 1 4 8 40 200 800 2000 4000 8000 20000 40000 100000 200000 1000000 8000000 0
8001 10001 2000001 8000001 4002 40002 80002 400002 800002 2000002 8000002 20004 4008 10008 80008 100008 200008 400008 2000008 4000008 40010 400010 2000010 8020 10020 20020 80020 100020 200020 2000020 8000020 8040 10040 20040 40040 80040 100040 200040 400040 800040 1000040 4000040 4080 8080 80080 400080 2000080 4000080 8000080 4100 10100 20100 80100 100100 200100 400100 800100 4000100 8000100 8200 10200 40200 100200 200200 1000200 2000200 4000200 8000200 8400 10400 20400 100400 200400 400400 800400 2000400 4800 8800 10800 40800 100800 1000800 8000800 9000 11000 41000 81000 101000 8001000 6000 12000 22000 42000 82000 402000 4002000 8002000 100 400 4000 8000 10000 20000 80000 8000000
4001 10001 20001 40001 800001 1000001 2000001 4000001 8000001 10002 20002 40002 80002 200002 400002 800002 2000002 4000002 80004 200004 1000004 2000004 4008 10008 20008 40008 80008 100008 200008 400008 800008 4010 10010 20010 80010 100010 2000010 4020 8020 40020 200020 400020 800020 4000020 8000020 8040 10040 80040 100040 400040 800040 2000040 4000040 8080 40080 100080 4000080 8000080 10100 100100 4000100 8000100 8200 10200 80200 200200 400200 800200 8000200 4400 8400 40400 80400 100400 200400 800400 8000400 4800 10800 20800 40800 80800 200800 400800 1000800 2000800 4000800 5000 9000 11000 21000 81000 801000 1001000 4001000 8001000 6000 12000 42000 82000 202000 2002000 4002000 8002000 1 4 8 10 100 8000 10000 80000 100000 400000 800000 2000000 4000000 0
4001 8001 80001 200001 1000001 4002 100002 200002 800002 2000002 4004 8004 10004 20004 100004 200004 400004 800004 1000004 4008 10008 100008 200008 2000008 4010 10010 40010 400010 800010 1000010 2000010 4000010 8000010 8020 10020 20020 40020 200020 400020 800020 1000020 2000020 8000020 8040 100040 1000040 4000040 8000040 4080 10080 40080 400080 2000080 4000080 8000080 10100 80100 100100 1000100 2000100 4000100 4200 8200 20200 80200 200200 2000200 8000200 8400 10400 20400 40400 200400 1000400 4000400 4800 8800 20800 100800 1000800 2000800 4000800 8000800 5000 9000 21000 81000 101000 201000 401000 801000 2001000 6000 a000 12000 42000 82000 102000 202000 802000 1002000 8002000 1 4 10 20 40 80 4000 100000 800000 1000000 2000000 8000000
4001 40001 80001 100001 200001 400001 800001 2000001 4002 8002 20002 400002 1000002 2000002 4000002 8000002 4004 20004 100004 200004 400004 800004 1000004 4000004 8000004 4008 10008 20008 40008 80008 200008 400008 2000008 80010 200010 800010 2000010 8000010 8020 80020 100020 200020 400020 800020 1000020 20040 100040 800040 1000040 2000040 8000040 4080 40080 400080 800080 4000080 4100 8100 20100 80100 100100 200100 400100 1000100 2000100 4000100 4200 10200 40200 100200 200200 400200 800200 1000200 4000200 4400 20400 80400 200400 400400 1000400 2000400 4000400 4800 8800 10800 20800 100800 400800 1000800 9000 11000 81000 101000 201000 801000 2001000 6000 22000 82000 102000 202000 1002000 2002000 8002000 1 2 4 10 40 400 800 1000 4000 8000 10000 20000 80000 100000 400000 2000000 4000000 0
10001 100001 400001 1000001 2000001 4000001 8002 10002 400002 800002 4000002 4004 8004 40004 80004 400004 800004 1000004 2000004 4000004 8000004 8008 100008 200008 800008 4000008 8000008 4010 10010 80010 100010 400010 2000010 8000010 4020 40020 80020 1000020 4000020 4040 20040 100040 200040 400040 800040 4000040 4080 8080 20080 40080 400080 800080 8000080 8100 20100 800100 2000100 4000100 8000100 8200 40200 80200 100200 400200 1000200 4000200 10400 20400 40400 80400 100400 400400 2000400 4000400 8000400 20800 800800 1000800 4000800 21000 101000 1001000 102000 202000 402000 1002000 2002000 4002000 2 4 10 40 200 4000 10000 20000 200000 800000 1000000 2000000 4000000
4001 20001 40001 100001 200001 800001 2000001 8002 10002 20002 40002 80002 200002 1000002 2000002 4004 10004 200004 400004 2000004 8000004 4008 10008 200008 800008 1000008 2000008 4000008 8000008 10010 40010 100010 400010 1000010 4000010 4020 20020 40020 80020 100020 800020 1000020 2000020 4040 10040 80040 100040 800040 1000040 8000040 4080 8080 40080 80080 100080 800080 2000080 4000080 8000080 4100 8100 100100 200100 400100 2000100 4000100 4200 10200 40200 200200 2000200 4400 8400 10400 20400 80400 100400 200400 400400 800400 1000400 4000400 4800 20800 40800 80800 100800 8000800 11000 401000 2001000 a000 12000 82000 202000 402000 1002000 4002000 1 2 4 40 80 200 800 2000 20000 40000 100000 800000 1000000 2000000 8000000
10001 20001 40001 100001 200001 400001 8000001 10002 20002 40002 200002 800002 8000002 4004 8004 20004 200004 400004 1000004 2000004 8008 10008 20008 400008 800008 2000008 4000008 4010 40010 80010 200010 400010 800010 1000010 8000010 8020 10020 20020 80020 400020 2000020 4000020 8000020 4040 8040 80040 100040 200040 400040 800040 4000040 8000040 8080 40080 80080 100080 200080 400080 8000080 8100 80100 200100 800100 1000100 8200 20200 100200 400200 800200 4400 8400 20400 40400 200400 2000400 4000400 8000400 8800 40800 80800 200800 800800 4000800 9000 11000 21000 41000 201000 401000 801000 2001000 8001000 a000 12000 82000 102000 202000 802000 1002000 2002000 1 2 4 10 20 40 80 400 800 1000 10000 20000 40000 80000 100000 200000 1000000 2000000 4000000 0
4001 8001 10001 20001 40001 2000001 8000001 8002 10002 20002 100002 800002 4004 8004 40004 200004 400004 800004 1000004 2000004 8000004 8008 20008 800008 1000008 2000008 4010 20010 80010 400010 1000010 8000010 4020 8020 20020 40020 100020 800020 4000020 8000020 10040 20040 80040 100040 400040 1000040 2000040 20080 40080 200080 400080 4000080 8000080 20100 40100 80100 100100 8000100 4200 10200 80200 100200 200200 400200 2000200 4400 8400 10400 20400 400400 1000400 4000400 8000400 10800 1000800 4000800 11000 81000 101000 201000 801000 1001000 4001000 a000 22000 42000 202000 1002000 2002000 8002000 1 4 8 20 40 800 1000 8000 20000 1000000 2000000
4001 10001 20001 200001 400001 1000001 2000001 20002 1000002 2000002 4004 8004 40004 80004 2000004 4000004 10008 40008 200008 1000008 2000008 8000008 10010 40010 100010 800010 2000010 4020 20020 40020 200020 800020 2000020 4000020 10040 1000040 2000040 8000040 4080 10080 20080 80080 200080 800080 1000080 4000080 8000080 4100 8100 40100 200100 800100 1000100 4000100 8000100 4200 8200 10200 80200 200200 800200 8400 10400 20400 80400 100400 200400 800400 8000400 4800 8800 10800 20800 40800 100800 200800 4000800 9000 11000 41000 101000 201000 801000 1001000 2001000 4001000 8001000 a000 1002000 8002000 8 10 20 40 100 200 400 2000 8000 10000 80000 100000 200000 400000 800000 2000000 0
8001 20001 80001 100001 200001 400001 1000001 4000001 8000001 10002 200002 800002 2000002 4000002 8000002 4004 8004 40004 100004 400004 800004 2000004 4000004 4008 10008 40008 80008 200008 400008 4000008 8000008 4010 8010 10010 40010 80010 100010 800010 4000010 8000010 10020 40020 100020 1000020 4000020 8000020 4040 10040 20040 40040 200040 400040 800040 4000040 4080 20080 40080 200080 1000080 2000080 4000080 8000080 4100 8100 20100 40100 200100 400100 800100 1000100 2000100 10200 200200 400200 4000200 4400 8400 10400 20400 80400 200400 400400 800400 2000400 4000400 4800 8800 10800 20800 40800 80800 100800 800800 1000800 2000800 8000800 101000 201000 1001000 6000 12000 82000 102000 202000 402000 802000 1002000 8 20 40 200 800 8000 40000 80000 200000 1000000 8000000 0
