30 4
30
40001 80001 400001 1000001 2000001 8000001 10002 40002 8000002 10000002 8004 40004 80004 100004 200004 800004 1000004 8000004 10000004 10008 20008 40008 200008 400008 800008 2000008 8000008 10000008 8010 10010 80010 400010 1000010 2000010 8000010 10000010 8020 20020 100020 400020 1000020 8000020 10000020 20000020 8040 10040 20040 80040 100040 400040 1000040 2000040 4000040 10000040 8080 20080 800080 1000080 2000080 4000080 10000080 8100 10100 20100 80100 200100 400100 1000100 2000100 10000100 20000100 400200 4000200 8000200 10000200 20000200 10400 20400 40400 200400 400400 800400 2000400 10000400 10800 40800 80800 100800 200800 400800 2000800 8000800 10000800 20000800 11000 21000 201000 2001000 4001000 8001000 20001000 a000 12000 402000 802000 4002000 8002000 10002000 20002000 c000 24000 44000 84000 204000 804000 2004000 10004000 8 800 1000 4000 10000 80000 100000 200000 2000000 8000000 10000000 0
8001 10001 20001 200001 400001 800001 4000001 8000001 10000001 20000001 8002 10002 400002 2000002 4000002 20000002 10004 20004 40004 80004 100004 400004 2000004 4000004 10000004 10008 20008 40008 100008 200008 400008 800008 8000008 8010 10010 20010 40010 100010 1000010 20000010 10020 400020 1000020 2000020 10000020 20000020 20040 80040 400040 800040 1000040 8000040 8080 10080 200080 800080 4000080 8000080 20000080 80100 400100 800100 2000100 4000100 20000100 8200 10200 20200 800200 2000200 4000200 8000200 20000200 10400 20400 200400 400400 800400 2000400 8800 20800 80800 100800 200800 800800 2000800 8000800 20000800 11000 21000 101000 401000 1001000 8001000 12000 102000 202000 402000 802000 1002000 2002000 4002000 8002000 20002000 c000 14000 24000 84000 104000 804000 4004000 8004000 20004000 1 2 4 10 20 80 200 1000 10000 20000 40000 200000 1000000 2000000 20000000 0
8001 10001 20001 200001 1000001 2000001 10000001 20002 80002 100002 200002 800002 1000002 2000002 4000002 8000002 10004 20004 40004 80004 100004 200004 400004 800004 1000004 2000004 20008 40008 800008 1000008 2000008 4000008 10000008 40010 100010 200010 800010 2000010 10000010 10020 100020 1000020 2000020 4000020 8000020 10000020 20000020 20040 200040 400040 1000040 10000040 10080 40080 80080 100080 200080 400080 800080 2000080 8000080 20000080 8100 2000100 8200 80200 100200 200200 1000200 2000200 4000200 10000200 8400 20400 40400 80400 200400 800400 1000400 2000400 8000400 20800 40800 1000800 2000800 20000800 11000 41000 201000 4001000 8001000 12000 22000 202000 4002000 10002000 204000 404000 804000 2004000 10 20 80 100 1000 8000 10000 100000 400000 4000000 8000000 20000000 0
8001 20001 80001 200001 400001 1000001 4000001 20000001 8002 10002 20002 80002 100002 800002 8000002 10000002 10004 20004 80004 100004 400004 4000004 8000004 10000004 20008 40008 80008 100008 200008 4000008 10000008 20000008 10010 20010 80010 100010 400010 800010 1000010 2000010 10000010 80020 100020 200020 400020 800020 2000020 8000020 8040 10040 200040 400040 800040 2000040 10000040 10080 20080 80080 800080 8100 80100 100100 2000100 8000100 20000100 8200 10200 40200 100200 200200 2000200 10000200 20400 40400 100400 800400 8000400 10000400 20000400 8800 10800 100800 800800 2000800 4000800 8000800 10000800 11000 41000 101000 201000 401000 1001000 8001000 10001000 22000 202000 1002000 2002000 8002000 10002000 c000 24000 204000 404000 20004000 2 4 8 40 200 800 1000 2000 40000 80000 400000 800000 1000000 2000000 10000000
8001 40001 800001 4000001 8000001 8002 20002 80002 100002 800002 10000002 20000002 10004 40004 100004 4000004 20000004 10008 20008 40008 80008 200008 800008 1000008 2000008 20000008 40010 100010 200010 4000010 8000010 20000010 20020 40020 100020 800020 1000020 4000020 8000020 20000020 10040 20040 40040 80040 100040 200040 400040 800040 20000040 8080 20080 80080 100080 2000080 4000080 20000080 8100 20100 40100 80100 100100 200100 400100 1000100 8000100 10000100 20000100 8200 10200 40200 100200 400200 800200 1000200 2000200 4000200 8000200 80400 100400 400400 1000400 2000400 10000400 20000400 20800 400800 10000800 11000 21000 101000 401000 8001000 a000 22000 42000 82000 202000 402000 4002000 10002000 20002000 14000 104000 1004000 4004000 8004000 1 2 4 80 100 400 4000 10000 20000 40000 80000 800000 2000000 20000000 0
8001 10001 80001 100001 400001 2000001 20000001 8002 10002 20002 40002 200002 400002 1000002 4000002 8000002 10000002 80004 800004 1000004 20008 40008 200008 400008 800008 1000008 2000008 4000008 20010 40010 80010 100010 1000010 2000010 10000010 40020 80020 200020 800020 2000020 8000020 20000020 80040 100040 800040 2000040 8000040 10000040 8080 40080 80080 100080 1000080 4000080 8000080 20000080 8100 40100 400100 800100 8000100 10000100 40200 80200 100200 200200 400200 800200 8400 20400 200400 1000400 4000400 8000400 20000400 10800 20800 40800 100800 800800 2000800 8000800 20000800 41000 101000 201000 401000 1001000 2001000 10001000 20001000 a000 12000 22000 42000 82000 402000 2002000 8002000 c000 14000 24000 84000 104000 204000 404000 2004000 2 8 10 40 400 800 4000 8000 20000 400000 1000000 2000000 20000000
8001 10001 800001 2000001 10000001 20000001 8002 40002 80002 1000002 2000002 8000002 10004 20004 80004 800004 1000004 8000004 10000004 20000004 20008 40008 80008 400008 800008 2000008 4000008 8000008 10000008 8010 40010 400010 800010 1000010 10000010 20000010 200020 2000020 4000020 20000020 8040 20040 80040 100040 2000040 8000040 10000040 8080 10080 40080 80080 200080 400080 1000080 4000080 10000080 20000080 8100 80100 100100 200100 400100 800100 1000100 4000100 8000100 10000100 8200 10200 20200 40200 4000200 10000200 20000200 8400 10400 20400 40400 80400 100400 800400 1000400 8000400 8800 10800 80800 100800 200800 400800 800800 1000800 4000800 11000 41000 2001000 20001000 a000 22000 202000 2002000 8002000 10002000 20002000 c000 14000 24000 84000 204000 804000 2004000 8004000 10 20 40 100 800 1000 10000 40000 80000 1000000 4000000 20000000 0
10001 200001 400001 1000001 4000001 20002 80002 100002 200002 400002 800002 1000002 10000002 80004 200004 400004 1000004 2000004 10000004 20008 80008 100008 200008 800008 2000008 4000008 40010 200010 400010 1000010 2000010 8000010 20000010 20020 80020 100020 400020 2000020 4000020 8000020 20000020 8040 20040 80040 100040 400040 1000040 10080 40080 80080 200080 400080 800080 4000080 10000080 20000080 8100 20100 40100 80100 400100 1000100 2000100 20000100 40200 100200 2000200 4000200 8000200 20000200 10400 20400 40400 100400 400400 1000400 4000400 8000400 20000400 10800 20800 40800 80800 400800 2000800 10000800 20000800 9000 11000 21000 8001000 20001000 a000 12000 22000 42000 402000 1002000 2002000 4002000 c000 24000 84000 804000 1004000 2004000 4004000 1 2 8 80 200 400 2000 4000 8000 10000 80000 200000 400000 1000000 2000000 4000000 8000000
8001 10001 20001 100001 200001 400001 800001 1000001 2000001 4000001 8000001 10000001 8002 20002 40002 80002 200002 400002 800002 1000002 4000002 10000002 20000002 10004 20004 40004 200004 800004 1000004 4000004 10008 20008 40008 100008 200008 400008 800008 1000008 2000008 8000008 20000008 8010 10010 20010 80010 100010 200010 1000010 2000010 8000010 8020 20020 80020 200020 1000020 4000020 8000020 10000020 20000020 8040 10040 20040 40040 80040 100040 200040 400040 1000040 10080 20080 40080 80080 100080 200080 400080 1000080 4000080 10100 20100 100100 400100 800100 2000100 4000100 400200 800200 4000200 10000200 40400 1000400 10800 80800 100800 800800 1000800 4000800 8000800 10000800 9000 41000 101000 201000 801000 2001000 8001000 a000 12000 102000 202000 802000 1002000 2002000 8002000 24000 84000 104000 204000 404000 804000 2004000 8004000 10004000 20004000 1 2 4 8 10 20 40 2000 8000 20000 40000 100000 200000 400000 800000 2000000 4000000 8000000 10000000 0
8001 10001 40001 400001 1000001 4000001 8000001 20000001 8002 10002 20002 40002 100002 200002 400002 800002 2000002 4000002 8004 10004 40004 200004 400004 800004 1000004 4000004 8000004 20000004 10008 40008 8000008 10000008 10010 40010 100010 800010 1000010 4000010 8000010 10000010 20000010 20020 40020 100020 200020 400020 2000020 4000020 8000020 10000020 20040 80040 400040 800040 2000040 4000040 20080 200080 400080 4000080 10100 20100 40100 800100 2000100 4000100 8000100 80200 100200 200200 400200 4000200 8000200 8400 10400 20400 200400 400400 800400 8000400 20800 40800 80800 200800 400800 1000800 4000800 10000800 20000800 9000 11000 21000 81000 201000 801000 1001000 4001000 8001000 a000 12000 22000 102000 402000 802000 2002000 20002000 14000 24000 104000 804000 1004000 4004000 8004000 10004000 1 2 8 200 800 1000 2000 4000 10000 20000 40000 100000 800000 1000000 2000000 4000000 20000000
8001 10001 20001 80001 100001 200001 800001 1000001 2000001 4000001 8000001 20000001 8002 10002 20002 40002 80002 200002 400002 1000002 8004 10004 200004 400004 2000004 4000004 10000004 20008 200008 1000008 2000008 8000008 10000008 20000008 8010 10010 20010 40010 80010 100010 800010 1000010 2000010 8000010 10000010 20000010 10020 40020 80020 100020 400020 1000020 2000020 4000020 8000020 20000020 8040 20040 1000040 8080 10080 40080 80080 400080 800080 1000080 4000080 8000080 10000080 10100 40100 800100 2000100 8000100 10000100 8200 10200 40200 200200 2000200 4000200 8000200 10000200 20000200 8400 10400 40400 80400 100400 200400 400400 800400 1000400 2000400 4000400 8000400 20000400 8800 10800 80800 400800 800800 2000800 4000800 10000800 20000800 21000 101000 201000 401000 801000 8001000 10001000 20001000 a000 22000 42000 82000 102000 802000 8002000 20002000 14000 44000 404000 4004000 8004000 10004000 1 10 20 4000 20000 80000 1000000 2000000 4000000 8000000 0
20001 40001 80001 800001 4000001 8000001 10002 20002 100002 800002 1000002 2000002 4000002 8000002 20000002 8004 20004 80004 100004 1000004 2000004 4000004 8000004 20000004 10008 20008 40008 100008 200008 400008 1000008 8000008 20000008 8010 10010 40010 80010 100010 1000010 4000010 20000010 10020 80020 100020 200020 8000020 20000020 8040 20040 200040 2000040 8000040 10000040 8080 10080 1000080 8000080 10000080 10100 20100 200100 800100 4000100 20000100 8200 40200 100200 400200 800200 1000200 8000200 8400 10400 20400 80400 1000400 10000400 20000400 8800 10800 40800 80800 100800 400800 800800 1000800 2000800 8000800 20000800 9000 81000 101000 201000 1001000 22000 42000 202000 402000 1002000 4002000 10002000 20002000 c000 24000 84000 104000 204000 404000 2004000 4004000 8004000 1 20 100 400 2000 4000 40000 100000 200000 400000 8000000 10000000
8001 10001 40001 80001 200001 800001 1000001 2000001 4000001 10000001 20000001 8002 10002 80002 200002 800002 1000002 8000002 8004 10004 200004 1000004 2000004 4000004 8008 20008 40008 200008 2000008 8000008 10000008 20000008 10010 20010 80010 100010 400010 1000010 2000010 4000010 8000010 10000010 20000010 10020 80020 200020 400020 800020 1000020 4000020 8000020 8040 100040 800040 8000040 20000040 10080 20080 80080 2000080 10000080 8100 20100 100100 400100 800100 4000100 8000100 20000100 8200 10200 20200 800200 1000200 2000200 10000200 20000200 10400 20400 40400 80400 100400 200400 400400 800400 4000400 8000400 10000400 20000400 8800 40800 800800 1000800 2000800 4000800 8000800 10000800 20000800 11000 21000 81000 101000 401000 801000 2001000 10001000 20001000 a000 12000 22000 42000 82000 102000 202000 1002000 8002000 20002000 c000 24000 84000 10004000 20004000 1 2 8 80 800 10000 400000 4000000 8000000 10000000 0
8001 80001 200001 400001 800001 1000001 2000001 8000001 10000001 80002 200002 2000002 4000002 10000002 20000002 10004 20004 40004 400004 800004 2000004 8000004 20000004 8008 10008 40008 2000008 20000008 8010 20010 100010 200010 400010 800010 1000010 2000010 4000010 8000010 10000010 20020 40020 1000020 2000020 10000020 20000020 8040 10040 20040 40040 400040 800040 1000040 2000040 8000040 10000040 20000040 8080 10080 20080 80080 400080 1000080 2000080 20000080 10100 20100 80100 1000100 2000100 4000100 20000100 8200 10200 40200 100200 200200 800200 1000200 2000200 4000200 20000200 8400 10400 40400 80400 200400 400400 800400 1000400 4000400 8000400 10000400 20000400 40800 80800 400800 1000800 2000800 4000800 8000800 20000800 9000 11000 21000 81000 101000 401000 801000 2001000 4001000 20001000 102000 402000 802000 2002000 4002000 8002000 c000 14000 24000 404000 804000 8004000 1 2 8 40 80 100 800 4000 8000 10000 40000 80000 100000 200000 400000 800000 2000000 8000000 20000000
10001 400001 1000001 2000001 8000001 10002 20002 400002 800002 1000002 4000002 8000002 10000002 20000002 10004 20004 80004 100004 1000004 2000004 4000004 10000004 8008 10008 20008 40008 400008 800008 1000008 8000008 8010 20010 40010 80010 200010 400010 1000010 4000010 10000010 20000010 8020 40020 100020 800020 1000020 2000020 4000020 10040 200040 400040 800040 1000040 2000040 8000040 10000040 8080 10080 20080 40080 400080 800080 4000080 8000080 8100 10100 40100 100100 200100 800100 1000100 4000100 20200 40200 80200 800200 8000200 10000200 8400 80400 400400 4000400 10000400 20000400 10800 20800 80800 100800 200800 400800 800800 1000800 9000 11000 21000 81000 201000 1001000 2001000 4001000 10001000 20001000 a000 102000 202000 402000 802000 1002000 2002000 4002000 8002000 84000 104000 204000 404000 804000 2004000 4004000 8004000 10004000 4 8 10 20 40 200 800 8000 10000 80000 1000000 2000000 4000000 20000000 0
10001 20001 400001 4000001 8002 10002 20002 80002 100002 200002 400002 800002 8000002 10000002 8004 10004 20004 40004 80004 100004 400004 1000004 8000004 20000004 20008 80008 100008 200008 400008 1000008 10000008 8010 10010 20010 80010 200010 400010 1000010 2000010 10000010 8020 10020 20020 400020 800020 2000020 10000020 8040 80040 100040 2000040 4000040 10000040 10080 20080 100080 200080 2000080 4000080 10000080 20000080 10100 20100 80100 400100 800100 1000100 2000100 4000100 10000100 20000100 8200 10200 80200 100200 400200 800200 20000200 10400 100400 200400 400400 800400 2000400 4000400 8000400 10000400 10800 20800 40800 80800 400800 800800 1000800 4000800 9000 11000 41000 81000 201000 10001000 42000 82000 102000 802000 1002000 8002000 10002000 20002000 c000 14000 44000 84000 104000 804000 1004000 8004000 10004000 1 2 4 20 200 400 2000 4000 8000 20000 40000 80000 100000 1000000 4000000 8000000 10000000 0
8001 40001 100001 8000001 20000001 8002 10002 40002 100002 200002 400002 1000002 2000002 20000002 40004 80004 200004 8000004 10008 20008 40008 80008 400008 800008 1000008 2000008 10010 20010 40010 100010 800010 1000010 2000010 4000010 10000010 20020 80020 100020 400020 800020 4000020 8000020 8040 80040 100040 200040 400040 800040 1000040 8000040 10000040 20000040 8080 80080 100080 400080 800080 1000080 4000080 10000080 10100 80100 100100 400100 800100 4000100 8000100 20000100 8200 40200 80200 100200 2000200 4000200 8400 20400 400400 1000400 2000400 4000400 8000400 10000400 40800 100800 1000800 2000800 4000800 10000800 20000800 9000 11000 41000 201000 401000 801000 2001000 10001000 20001000 42000 102000 802000 4002000 10002000 20002000 14000 24000 44000 84000 104000 404000 4004000 2 4 10 20 80 1000 8000 40000 200000 400000 800000 1000000 10000000 20000000 0
8001 1000001 2000001 4000001 10000001 40002 80002 100002 200002 400002 4000002 8000002 20000002 8004 10004 20004 400004 800004 1000004 2000004 4000004 10000004 20000004 10008 40008 100008 200008 400008 2000008 8000008 10000008 20000008 80010 100010 200010 800010 1000010 2000010 4000010 8000010 10000010 20000010 8020 20020 40020 100020 400020 800020 40040 80040 200040 400040 800040 1000040 8000040 20000040 20080 40080 80080 100080 400080 1000080 10000080 10100 20100 80100 100100 200100 400100 20000100 10200 20200 100200 200200 2000200 4000200 20000200 8400 10400 40400 100400 400400 2000400 4000400 20000400 40800 800800 1000800 10000800 9000 41000 81000 201000 801000 1001000 4001000 10001000 42000 1002000 4002000 8002000 10002000 20002000 c000 14000 24000 84000 104000 2004000 20004000 1 2 4 8 100 200 400 10000 20000 40000 100000 200000 2000000 4000000 10000000 0
8001 10001 20001 40001 80001 200001 400001 2000001 20000001 10002 20002 80002 100002 200002 4000002 40004 80004 200004 400004 1000004 2000004 4000004 8000004 20000004 8008 10008 20008 80008 100008 200008 800008 8010 80010 100010 800010 1000010 4000010 8000010 10000010 8020 10020 40020 100020 200020 4000020 8000020 8040 10040 40040 100040 400040 1000040 10000040 20000040 8080 40080 1000080 4000080 20000080 10100 40100 1000100 2000100 4000100 10200 80200 400200 1000200 2000200 4000200 10000200 20000200 20400 40400 80400 400400 1000400 2000400 20000400 8800 40800 80800 100800 200800 400800 1000800 4000800 8000800 10000800 20000800 9000 21000 41000 81000 201000 2001000 a000 42000 82000 202000 2002000 20002000 c000 24000 84000 204000 804000 10004000 20004000 4 8 20 40 80 100 200 800 1000 2000 8000 10000 20000 100000 400000 800000 1000000 20000000 0
8001 200001 400001 2000001 4000001 8000001 10000001 10002 20002 40002 80002 200002 400002 800002 8000002 20000002 8004 40004 800004 4000004 8000004 20000004 40008 80008 100008 400008 1000008 4000008 8010 20010 40010 100010 200010 800010 2000010 10000010 20000010 8020 20020 40020 80020 100020 8000020 10000020 20000020 8040 40040 80040 2000040 4000040 20000040 8080 10080 20080 40080 80080 20000080 20100 40100 200100 800100 1000100 2000100 4000100 20000100 8200 10200 20200 40200 80200 100200 200200 400200 800200 1000200 2000200 10000200 10400 80400 100400 200400 800400 1000400 2000400 8000400 20000400 8800 80800 200800 800800 1000800 4000800 8000800 10000800 20000800 21000 41000 101000 201000 401000 801000 1001000 8001000 10001000 a000 42000 82000 102000 802000 1002000 20002000 14000 24000 44000 84000 404000 2004000 8004000 10004000 4 20 1000 2000 40000 100000 200000 400000 800000 1000000 2000000 4000000 10000000 20000000
8001 40001 100001 200001 800001 4000001 20002 2000002 4000002 20000002 8004 10004 20004 40004 80004 400004 800004 4000004 8000004 10000004 10008 20008 40008 80008 100008 200008 800008 1000008 4000008 20010 40010 200010 400010 800010 1000010 4000010 10000010 20000010 8020 10020 20020 80020 100020 200020 800020 1000020 2000020 8000020 20000020 10040 40040 400040 2000040 10000040 40080 200080 400080 1000080 2000080 4000080 20000080 8100 10100 20100 80100 100100 1000100 2000100 8000100 10000100 20200 40200 100200 800200 1000200 4000200 10000200 20000200 40400 80400 800400 2000400 4000400 10000400 10800 20800 40800 80800 400800 1000800 2000800 4000800 8000800 10000800 11000 41000 101000 401000 801000 4001000 10001000 20001000 12000 102000 202000 802000 2002000 4002000 10002000 c000 1004000 4004000 8004000 10004000 1 2 10 80 200 800 20000 80000 100000 200000 400000 800000 1000000 2000000 4000000 8000000 10000000
80001 100001 200001 400001 1000001 4000001 8000001 10000001 10002 20002 40002 100002 200002 400002 1000002 2000002 4000002 8000002 10000002 20000002 8004 10004 20004 40004 80004 100004 200004 400004 800004 1000004 4000004 20000004 8008 80008 100008 200008 400008 800008 2000008 8000008 10000008 20010 40010 80010 400010 800010 2000010 4000010 8000010 20000010 10020 200020 1000020 4000020 8000020 20000020 8040 20040 80040 800040 8000040 10080 80080 100080 200080 400080 1000080 20000080 8100 40100 100100 200100 4000100 20000100 8200 10200 20200 100200 200200 800200 2000200 4000200 8400 20400 40400 80400 100400 1000400 4000400 8000400 10000400 20000400 20800 80800 100800 400800 800800 1000800 2000800 4000800 10000800 20000800 9000 11000 21000 81000 101000 201000 801000 1001000 2001000 4001000 8001000 a000 12000 42000 82000 202000 402000 802000 2002000 44000 104000 804000 4004000 8004000 1 4 8 10 20 100 200 1000 4000 8000 40000 80000 400000 1000000 4000000 8000000 10000000 20000000 0
40001 400001 10000001 8002 10002 100002 200002 400002 1000002 20000002 8004 20004 80004 100004 200004 400004 800004 2000004 4000004 8000004 20000004 8008 10008 20008 200008 400008 4000008 10000008 8010 40010 100010 200010 400010 2000010 10000010 20000010 8020 10020 80020 100020 400020 800020 2000020 4000020 8000020 10000020 8040 10040 40040 80040 100040 400040 10000040 20080 200080 400080 800080 2000080 4000080 10100 40100 100100 200100 800100 4000100 10000100 40200 80200 100200 200200 800200 8000200 10400 80400 200400 800400 1000400 4000400 8000400 20000400 40800 100800 200800 1000800 4000800 8000800 10000800 20000800 9000 11000 41000 201000 1001000 2001000 12000 22000 102000 1002000 2002000 4002000 8002000 10002000 20002000 14000 24000 44000 104000 204000 404000 1004000 4004000 8004000 2 8 10 200 4000 20000 80000 100000 200000 400000 800000 1000000 8000000 10000000 20000000 0
40001 80001 200001 400001 800001 1000001 2000001 8000001 20000001 8002 10002 200002 800002 4000002 80004 200004 400004 1000004 8000004 20000004 20008 40008 80008 200008 400008 2000008 8000008 10000008 40010 80010 400010 1000010 2000010 4000010 8000010 20000010 8020 10020 80020 400020 800020 4000020 10000020 8040 20040 80040 400040 800040 1000040 2000040 4000040 10000040 10080 100080 200080 1000080 8000080 10000080 20000080 8100 10100 80100 200100 1000100 8000100 10000100 10200 20200 40200 100200 800200 2000200 4000200 10000200 8400 40400 80400 400400 1000400 2000400 8000400 10000400 8800 80800 100800 800800 4000800 20000800 9000 21000 401000 20001000 202000 402000 4002000 10002000 20002000 44000 1004000 2004000 8004000 4 10 20 400 800 2000 8000 10000 40000 80000 100000 400000 1000000 2000000 20000000 0
8001 10001 40001 80001 100001 200001 400001 800001 1000001 2000001 4000001 8000001 10000001 8002 40002 80002 100002 400002 2000002 4000002 10000002 20000002 10004 80004 200004 4000004 8000004 10000004 20000004 40008 200008 400008 8000008 10000008 8010 10010 80010 100010 400010 800010 2000010 10000010 20000010 10020 80020 400020 8000020 10000020 100040 200040 1000040 4000040 8000040 10000040 20000040 8080 20080 40080 100080 200080 400080 800080 2000080 10100 80100 100100 200100 400100 800100 1000100 8000100 8200 80200 400200 1000200 8000200 20000200 40400 100400 400400 1000400 2000400 4000400 80800 200800 800800 2000800 9000 11000 41000 81000 101000 401000 801000 10001000 a000 12000 102000 202000 402000 802000 4002000 8002000 c000 14000 44000 204000 804000 1004000 2004000 4004000 10004000 4 8 10 20 200 400 1000 2000 40000 100000 4000000 8000000 0
8001 10001 200001 800001 1000001 4000001 8000001 20000001 8002 20002 40002 100002 200002 1000002 4000002 8000002 10000002 20004 80004 100004 400004 800004 2000004 10000004 10008 40008 100008 2000008 4000008 8000008 20000008 8010 10010 40010 80010 100010 400010 800010 1000010 2000010 8020 20020 80020 400020 10000020 20000020 10040 40040 400040 1000040 2000040 4000040 20000040 8080 10080 20080 40080 200080 400080 800080 1000080 2000080 10000080 20000080 8100 20100 80100 1000100 2000100 4000100 8000100 10000100 10200 100200 200200 400200 800200 8000200 10000200 8400 10400 400400 8000400 10000400 8800 10800 20800 80800 400800 1000800 10000800 20000800 9000 11000 21000 101000 201000 801000 1001000 2001000 4001000 10001000 a000 22000 102000 402000 802000 4002000 8002000 20002000 c000 24000 44000 84000 804000 2004000 10004000 1 2 4 8 20 80 100 200 400 800 1000 2000 4000 8000 100000 200000 400000 800000 1000000 2000000 8000000 10000000 20000000 0
40001 80001 100001 200001 400001 800001 2000001 10000001 10002 80002 100002 200002 800002 2000002 4000002 8000002 20000002 10004 20004 80004 1000004 2000004 8000004 10000004 8008 100008 200008 8000008 20000008 10010 40010 80010 200010 1000010 2000010 4000010 8020 10020 20020 80020 100020 200020 8000020 20000020 10040 20040 400040 800040 1000040 20000040 20080 40080 800080 1000080 4000080 8000080 10000080 10100 100100 200100 1000100 8000100 10000100 100200 200200 400200 800200 1000200 2000200 4000200 8000200 10000200 20000200 40400 400400 800400 1000400 2000400 4000400 20000400 8800 10800 20800 40800 400800 2000800 4000800 10000800 21000 41000 101000 201000 401000 1001000 10001000 12000 202000 402000 2002000 10002000 24000 44000 84000 104000 2004000 4004000 10004000 1 8 10 80 200 400 8000 10000 40000 80000 200000 4000000
1000001 2000001 4000001 8000001 20000001 8002 20002 40002 80002 200002 4000002 10000002 8004 10004 20004 40004 100004 800004 20000004 10008 20008 40008 80008 100008 400008 800008 8000008 20000008 80010 2000010 4000010 8000010 10000010 10020 40020 1000020 2000020 10000020 20000020 10040 80040 100040 200040 1000040 2000040 4000040 8000040 10000040 20000040 10080 40080 800080 4000080 10000080 20000080 10100 20100 80100 100100 2000100 10000100 10200 40200 400200 800200 4000200 8000200 8400 10400 20400 40400 100400 800400 10000400 20000400 8800 20800 40800 80800 100800 200800 400800 800800 1000800 2000800 20000800 9000 41000 8001000 a000 12000 42000 102000 402000 1002000 2002000 4002000 8002000 c000 14000 24000 44000 84000 804000 2004000 4004000 8004000 10004000 1 2 4 8 10 200 2000 4000 8000 10000 100000 800000 20000000 0
8001 40001 80001 400001 1000001 10000001 8002 10002 20002 40002 80002 200002 1000002 4000002 10000002 20000002 10004 20004 40004 100004 400004 1000004 8000004 10008 40008 200008 400008 2000008 4000008 10000008 10010 20010 8000010 10000010 20000010 8020 20020 40020 80020 100020 400020 800020 2000020 4000020 8040 20040 100040 400040 800040 1000040 4000040 10000040 20000040 8080 10080 20080 40080 80080 100080 200080 400080 800080 1000080 2000080 4000080 10000080 20000080 8100 40100 200100 400100 1000100 2000100 4000100 8200 10200 40200 800200 1000200 2000200 8000200 10000200 40400 200400 800400 1000400 2000400 4000400 8000400 10000400 20000400 8800 10800 80800 2000800 4000800 11000 41000 4001000 8001000 42000 202000 2002000 8002000 20002000 c000 14000 44000 104000 404000 1004000 4004000 10004000 20004000 1 10 20 40 100 400 800 1000 2000 4000 80000 200000 800000 1000000 4000000 10000000 0
8001 40001 80001 200001 2000001 8000001 80002 200002 400002 800002 1000002 4000002 8000002 10000002 20000002 10004 20004 200004 800004 1000004 2000004 4000004 8000004 10000004 20000004 10008 20008 100008 1000008 2000008 4000008 8000008 20000008 40010 200010 800010 4000010 8000010 10000010 10020 20020 400020 800020 20000020 20040 40040 800040 4000040 10000040 20000040 20080 40080 80080 400080 800080 10000080 20000080 80100 100100 200100 1000100 2000100 4000100 8000100 10000100 20000100 20200 80200 100200 400200 800200 2000200 8000200 10000200 20000200 8400 20400 40400 80400 800400 10000400 20000400 8800 10800 2000800 41000 81000 101000 401000 801000 1001000 8001000 12000 22000 42000 202000 402000 2002000 14000 84000 404000 804000 2004000 4004000 10004000 1 2 4 20 80 1000 2000 40000 100000 400000 800000 1000000 2000000 8000000 10000000
