34 4
34
20001 40001 100001 400001 800001 1000001 2000001 4000001 20000001 100000001 200002 800002 1000002 4000002 8000002 10000002 80000002 100000002 200000002 20004 40004 200004 400004 800004 1000004 8000004 20000004 100000004 20008 80008 200008 1000008 2000008 4000008 20000008 80000008 200000008 80010 200010 2000010 4000010 8000010 10000010 40000010 200000010 80020 100020 2000020 200000020 80040 100040 800040 2000040 4000040 100000040 80080 100080 200080 800080 8000080 10000080 80100 200100 400100 800100 1000100 4000100 8000100 100200 8000200 10000200 20000200 80000200 200000200 40400 80400 200400 8000400 10000400 40000400 80000400 20800 40800 80800 100800 400800 1000800 10000800 200000800 101000 801000 2001000 10001000 20001000 100001000 200001000 42000 82000 402000 4002000 8002000 10002000 20002000 40002000 80002000 100002000 200002000 24000 404000 1004000 4004000 10004000 40004000 80004000 100004000 200004000 28000 48000 108000 208000 4008000 8008000 10008000 20008000 40008000 90000 410000 810000 1010000 2010000 4010000 8010000 10010000 20010000 1 4 10 20 40 100 200 800 8000 40000 100000 400000 4000000 80000000 200000000
20001 200001 400001 1000001 8000001 10000001 20000001 40000001 80000001 200000001 20002 40002 80002 800002 4000002 8000002 40000002 20004 40004 80004 400004 800004 1000004 2000004 4000004 10000004 80000004 100000004 20008 40008 200008 400008 2000008 8000008 10000008 80000008 100000008 80010 800010 2000010 4000010 20000010 80000010 100000010 200000010 20020 80020 100020 200020 400020 800020 80000020 20040 80040 800040 1000040 2000040 8000040 10000040 20000040 100000040 200000040 40080 100080 200080 800080 8000080 20000080 40000080 80000080 80100 200100 400100 800100 1000100 2000100 20000100 200000100 40200 400200 1000200 2000200 10000200 20000200 80000200 200000200 20400 80400 200400 400400 2000400 20000400 40000400 80000400 40800 100800 800800 1000800 8000800 10000800 40000800 80000800 100000800 21000 41000 801000 20001000 40001000 100001000 200001000 22000 42000 82000 202000 802000 2002000 4002000 8002000 10002000 40002000 80002000 200002000 24000 84000 404000 1004000 2004000 4004000 10004000 20004000 28000 48000 208000 408000 10008000 40008000 80008000 100008000 110000 210000 410000 4010000 8010000 100010000 2 4 40 200 20000 40000 100000 2000000 40000000 80000000 0
100001 200001 400001 800001 1000001 8000001 20000001 100000001 200000001 40002 80002 800002 10000002 40000002 20004 40004 80000004 100000004 200000004 40008 80008 100008 200008 400008 1000008 10000008 20000008 80000008 200000008 20010 80010 100010 200010 800010 4000010 20000010 40000010 100000010 200000010 200020 800020 1000020 4000020 8000020 10000020 20000020 40000020 80000020 100000020 200000020 80040 100040 800040 1000040 2000040 4000040 8000040 20000040 40000040 100000040 100080 800080 4000080 8000080 20000080 40000080 80100 400100 800100 1000100 2000100 10000100 20000100 100000100 40200 80200 100200 2000200 20000200 80400 200400 400400 8000400 80000400 100000400 20800 200800 400800 800800 4000800 20000800 100000800 200000800 81000 201000 401000 801000 10001000 80001000 22000 82000 202000 402000 2002000 8002000 10002000 40002000 80002000 104000 404000 804000 4004000 8004000 10004000 80004000 100004000 48000 208000 4008000 10008000 80008000 200008000 50000 410000 810000 1010000 2010000 10010000 20010000 80010000 200010000 1 4 80 100 200 400 1000 2000 10000 20000 40000 80000 100000 1000000 2000000 10000000 20000000 40000000 100000000 0
20001 80001 400001 800001 1000001 2000001 4000001 8000001 80000001 100000001 200000001 20002 40002 80002 200002 800002 1000002 4000002 10000002 20000002 100000002 200000002 20004 100004 400004 1000004 2000004 4000004 8000004 20000004 80000004 200000004 20008 80008 100008 200008 400008 1000008 8000008 20000008 80000008 100000008 200000008 40010 100010 200010 800010 1000010 4000010 8000010 10000010 20000010 40000010 80000010 200000010 40020 80020 400020 800020 2000020 20000020 40000020 200000020 20040 40040 100040 200040 400040 1000040 10000040 40000040 200000040 20080 100080 400080 4000080 8000080 20000080 100000080 200000080 20100 80100 100100 400100 1000100 2000100 4000100 8000100 20200 400200 800200 1000200 2000200 8000200 10000200 80000200 100000200 40400 2000400 4000400 8000400 20000400 100000400 200000400 40800 80800 400800 800800 2000800 4000800 10000800 20000800 40000800 80000800 41000 81000 401000 1001000 4001000 20001000 100001000 200001000 82000 402000 802000 8002000 20002000 80002000 100002000 104000 204000 804000 1004000 2004000 4004000 10004000 80004000 100004000 200004000 28000 48000 88000 208000 408000 808000 2008000 4008000 8008000 20008000 40008000 80008000 50000 90000 810000 4010000 80010000 100010000 200010000 1 4 8 10 40 80 20000 40000 80000 200000 800000 1000000 2000000 4000000 20000000 40000000 80000000 100000000 200000000 0
20001 40001 100001 200001 800001 1000001 2000001 20000001 40000001 40002 80002 100002 400002 1000002 2000002 8000002 10000002 80000002 20004 40004 100004 1000004 2000004 8000004 10000004 20000004 40000004 80000004 200000004 40008 400008 1000008 40000008 100000008 20010 100010 200010 800010 20000010 40000010 80000010 200000010 20020 40020 200020 800020 4000020 8000020 200000020 20040 80040 100040 200040 800040 40000040 100000040 200000040 20080 40080 80080 100080 200080 400080 800080 2000080 10000080 20100 100100 200100 400100 800100 8000100 10000100 20000100 40000100 200000100 20200 80200 200200 400200 1000200 4000200 8000200 40000200 100000200 200000200 20400 40400 8000400 40000400 80000400 20800 200800 80000800 201000 401000 2001000 4001000 8001000 20001000 40001000 80001000 100001000 200001000 22000 42000 102000 202000 402000 802000 1002000 4002000 10002000 20002000 40002000 100002000 200002000 84000 104000 404000 804000 2004000 4004000 20004000 80004000 100004000 200004000 28000 48000 108000 208000 408000 808000 1008000 8008000 10008000 20008000 40008000 200008000 50000 90000 110000 210000 10010000 20010000 40010000 80010000 100010000 200010000 1 20 100 800 4000 8000 80000 100000 200000 1000000 2000000 8000000 20000000 40000000 100000000 0
20001 40001 400001 2000001 4000001 20000001 80000001 100000001 20002 400002 800002 1000002 8000002 10000002 40000002 400004 4000004 8000004 20000004 40000004 80000004 200000004 40008 80008 100008 1000008 2000008 20000008 20010 40010 100010 400010 1000010 4000010 10000010 80000010 100000010 20020 40020 100020 200020 800020 1000020 2000020 8000020 10000020 20000020 100000020 200000020 40040 80040 200040 400040 800040 2000040 8000040 10000040 20000040 200000040 20080 40080 100080 400080 800080 1000080 2000080 10000080 40000080 100000080 200000080 80100 100100 400100 800100 1000100 2000100 8000100 40000100 80000100 100000100 200000100 20200 40200 80200 100200 200200 800200 4000200 20000200 40000200 80000200 100000200 200000200 100400 800400 1000400 2000400 8000400 80000400 200000400 40800 100800 1000800 4000800 8000800 20000800 40000800 80000800 100000800 21000 41000 101000 801000 1001000 4001000 8001000 20001000 40001000 80001000 100001000 200001000 22000 42000 82000 102000 202000 402000 802000 1002000 4002000 40002000 44000 1004000 4004000 10004000 20004000 40004000 100004000 108000 408000 8008000 20008000 40008000 200008000 30000 90000 1010000 2010000 10010000 20010000 40010000 80010000 100010000 4 8 20 80 100 200 400 2000 8000 10000 20000 2000000 4000000 10000000 20000000 40000000 80000000 0
20001 40001 200001 1000001 2000001 4000001 8000001 10000001 40000001 80000001 200000001 40002 200002 400002 800002 4000002 20000002 100000002 20004 40004 80004 100004 400004 800004 1000004 2000004 4000004 8000004 10000004 40000004 100000004 200000004 20008 100008 400008 800008 1000008 2000008 4000008 8000008 20000008 100000008 20010 40010 100010 200010 1000010 40000010 20020 40020 100020 400020 800020 1000020 4000020 40000020 80000020 40040 80040 100040 800040 4000040 10000040 20000040 40000040 100000040 20080 40080 200080 2000080 4000080 8000080 80000080 40100 80100 800100 2000100 4000100 40000100 80000100 200000100 100200 200200 800200 10000200 80000200 100000200 200000200 100400 200400 800400 2000400 4000400 8000400 20000400 80000400 100000400 200000400 20800 80800 200800 400800 800800 1000800 2000800 20000800 40000800 80000800 100000800 81000 2001000 8001000 20001000 80001000 100001000 200001000 42000 82000 102000 202000 402000 802000 1002000 4002000 8002000 10002000 20002000 40002000 24000 104000 8004000 10004000 80004000 100004000 48000 208000 808000 2008000 10008000 40008000 200008000 30000 50000 90000 410000 810000 1010000 8010000 10010000 20010000 40010000 80010000 100010000 2 4 10 100 800 8000 10000 20000 80000 200000 800000 1000000 2000000 4000000 10000000 20000000 200000000 0
80001 100001 1000001 2000001 4000001 10000001 100000001 200000001 20002 80002 100002 800002 1000002 2000002 4000002 10000002 40000002 100000002 200000002 40004 80004 400004 800004 2000004 8000004 20000004 100000004 200000004 40008 80008 200008 1000008 2000008 4000008 8000008 10000008 80000008 200000008 40010 80010 400010 800010 8000010 20000010 40000010 80000010 100000010 100020 200020 800020 1000020 4000020 10000020 20000020 100000020 40040 80040 100040 200040 400040 4000040 10000040 40000040 80000040 200000040 40080 200080 800080 2000080 100000080 200000080 20100 40100 80100 200100 400100 2000100 4000100 8000100 40000100 200000100 40200 400200 1000200 10000200 20000200 40000200 80000200 200000200 80400 200400 1000400 8000400 10000400 80000400 100000400 20800 80800 100800 800800 1000800 2000800 8000800 80000800 21000 81000 101000 401000 2001000 20001000 40001000 80001000 100001000 82000 202000 402000 8002000 20002000 40002000 80002000 84000 104000 404000 8004000 100004000 88000 208000 808000 1008000 2008000 20008000 200008000 30000 50000 90000 110000 810000 1010000 2010000 10010000 80010000 100010000 1 8 10 40 80 200 400 2000 10000 20000 40000 100000 800000 4000000 20000000 40000000 200000000 0
40001 100001 400001 4000001 8000001 10000001 40000001 100000001 200000001 100002 400002 1000002 8000002 20000002 40000002 80000002 100000002 20004 40004 80004 100004 200004 800004 80000004 200000004 200008 8000008 40000008 40010 400010 800010 2000010 20000010 100000010 200000010 40020 80020 400020 800020 1000020 4000020 8000020 20000020 40000020 100000020 400040 4000040 8000040 10000040 20000040 40000040 100000040 200080 1000080 10000080 80000080 40100 80100 100100 200100 800100 2000100 4000100 20000100 80000100 100000100 20200 400200 800200 2000200 10000200 20000200 40000200 200000200 40400 100400 400400 1000400 2000400 4000400 20000400 40000400 20800 40800 80800 200800 2000800 4000800 8000800 20000800 200000800 101000 401000 801000 2001000 10001000 80001000 200001000 102000 402000 802000 2002000 4002000 10002000 20002000 40002000 104000 204000 404000 804000 1004000 2004000 4004000 8004000 40004000 28000 48000 208000 408000 1008000 2008000 4008000 8008000 10008000 100008000 200008000 50000 110000 810000 10010000 20010000 40010000 80010000 200010000 1 4 8 10 80 1000 2000 40000 80000 10000000 20000000 80000000 100000000 200000000
80001 400001 2000001 4000001 20000001 40000001 80000001 200000001 40002 80002 100002 200002 400002 1000002 4000002 20000002 40000002 20004 40004 2000004 20000004 80000004 100000004 80008 100008 200008 800008 1000008 4000008 10000008 20000008 80000008 100000008 40010 80010 100010 200010 400010 800010 1000010 10000010 20000010 80000010 100000010 20020 40020 80020 100020 1000020 2000020 4000020 10000020 40000020 20040 40040 80040 100040 200040 1000040 2000040 20000040 40000040 80000040 80080 400080 800080 8000080 20000080 40000080 80000080 100000080 200000080 20100 80100 800100 2000100 10000100 40000100 40200 100200 800200 1000200 4000200 8000200 10000200 20000200 40000200 80000200 100000200 200000200 20400 40400 80400 100400 200400 400400 1000400 10000400 40000400 100000400 80800 200800 400800 800800 1000800 8000800 10000800 20000800 40000800 80000800 21000 201000 801000 4001000 8001000 10001000 80001000 100001000 200001000 202000 802000 1002000 10002000 40002000 100002000 84000 104000 804000 1004000 8004000 10004000 20004000 100004000 108000 808000 1008000 4008000 8008000 100008000 50000 110000 210000 810000 1010000 2010000 4010000 10010000 80010000 8 10 20 100 200 1000 4000 8000 10000 40000 100000 400000 1000000 4000000 20000000 80000000 0
20001 40001 80001 400001 1000001 2000001 10000001 80000001 200000001 20002 40002 200002 400002 800002 1000002 2000002 40000002 80000002 100000002 200000002 20004 40004 80004 1000004 4000004 10000004 20000004 100000004 20008 200008 400008 1000008 2000008 20000008 80000008 200000008 20010 100010 200010 2000010 10000010 20000010 40000010 80000010 20020 200020 800020 2000020 20000020 100000020 20040 80040 800040 1000040 8000040 10000040 40000040 80000040 200000040 40080 200080 800080 1000080 8000080 20000080 40000080 80000080 40100 200100 400100 1000100 2000100 4000100 8000100 40000100 80000100 100000100 40200 80200 200200 400200 800200 4000200 8000200 20000200 100000200 100400 10000400 20000400 40800 80800 100800 200800 1000800 4000800 8000800 10000800 40000800 80000800 100000800 200000800 1001000 8001000 10001000 40001000 100001000 22000 42000 82000 202000 402000 802000 1002000 4002000 10002000 80002000 100002000 200002000 24000 44000 104000 404000 1004000 2004000 4004000 10004000 20004000 80004000 88000 408000 1008000 4008000 10008000 20008000 40008000 80008000 200008000 90000 110000 410000 4010000 40010000 200010000 1 4 8 40 80 200 1000 8000 100000 200000 800000 1000000 4000000 8000000 0
20001 40001 80001 100001 400001 1000001 80000001 100000001 200000001 200002 400002 1000002 10000002 80004 100004 8000004 20000004 40000004 20008 40008 80008 200008 400008 8000008 10000008 40000008 80000008 20010 40010 80010 100010 400010 800010 2000010 80000010 100000010 80020 100020 200020 4000020 40000020 200000020 20040 40040 100040 200040 1000040 2000040 4000040 10000040 40000040 40080 80080 100080 200080 800080 8000080 20000080 40000080 80000080 200000080 40100 80100 100100 200100 400100 800100 1000100 8000100 10000100 20000100 40000100 200000100 20200 200200 400200 800200 1000200 20000200 40000200 80400 200400 800400 4000400 10000400 100000400 200000400 80800 4000800 8000800 10000800 20000800 40000800 80000800 100000800 200000800 401000 1001000 4001000 8001000 10001000 20001000 80001000 100001000 82000 102000 1002000 2002000 4002000 10002000 20002000 80002000 24000 104000 204000 404000 4004000 100004000 200004000 28000 48000 808000 1008000 2008000 200008000 210000 410000 2010000 40010000 80010000 200010000 2 8 40 80 400 800 1000 2000 4000 20000 40000 200000 400000 800000 4000000 80000000 100000000 200000000 0
100001 400001 2000001 4000001 10000001 20000001 40000001 40002 100002 400002 1000002 2000002 4000002 100000002 200000002 40004 100004 200004 400004 800004 4000004 10000004 20000004 40000004 200000004 20008 100008 200008 400008 800008 1000008 8000008 20000008 40000008 80000008 100000008 40010 80010 200010 400010 2000010 4000010 8000010 100000010 200000010 40020 200020 400020 800020 2000020 8000020 20000020 40000020 80000020 100000020 200000020 40040 100040 200040 400040 1000040 4000040 8000040 80000040 200080 2000080 8000080 10000080 20000080 40000080 100000080 200000080 20100 80100 200100 800100 1000100 20000100 40000100 80000100 100000100 200000100 80200 100200 1000200 2000200 4000200 40000200 80000200 200000200 20400 40400 80400 200400 400400 1000400 2000400 4000400 20000400 80000400 40800 800800 1000800 2000800 8000800 80000800 200000800 21000 41000 81000 101000 201000 1001000 2001000 4001000 10001000 20001000 80001000 42000 202000 402000 8002000 20002000 24000 44000 104000 204000 10004000 20004000 40004000 100004000 200004000 88000 808000 4008000 10008000 50000 90000 210000 410000 1010000 2010000 4010000 10010000 80010000 100010000 20 40 800 1000 40000 800000 1000000 2000000 4000000 8000000 20000000 80000000 100000000
20001 100001 200001 800001 10000001 20000001 40000001 100000001 40002 80002 100002 400002 800002 1000002 2000002 4000002 10000002 40000002 80000002 100000002 200000002 40004 100004 200004 1000004 2000004 4000004 8000004 20000004 40000004 100000004 200000004 80008 100008 200008 800008 1000008 2000008 8000008 20000008 40000008 200000008 80010 400010 1000010 4000010 8000010 10000010 100000010 100020 200020 800020 1000020 8000020 200040 800040 2000040 20000040 100000040 80080 100080 200080 400080 1000080 4000080 8000080 100000080 40100 100100 400100 800100 2000100 10000100 20000100 100000100 200000100 20200 40200 80200 800200 2000200 8000200 100000200 20400 100400 800400 2000400 8000400 40000400 80000400 100000400 20800 80800 100800 1000800 10000800 20000800 80000800 200000800 21000 101000 801000 1001000 4001000 10001000 40001000 200001000 402000 8002000 20002000 40002000 80002000 200002000 44000 104000 404000 2004000 4004000 10004000 20004000 200004000 28000 108000 1008000 2008000 4008000 8008000 40008000 80008000 100008000 50000 110000 410000 200010000 1 2 8 40 100 200 2000 10000 80000000 200000000
20001 40001 100001 200001 400001 800001 1000001 4000001 8000001 40000001 80000001 80002 200002 1000002 2000002 8000002 80000002 100000002 40004 200004 400004 1000004 8000004 10000004 100000004 80008 100008 200008 800008 1000008 4000008 200000008 20010 40010 100010 400010 1000010 4000010 20000010 200000010 20020 200020 2000020 8000020 10000020 200000020 80040 400040 1000040 20000040 100000040 200000040 40080 100080 200080 800080 4000080 8000080 10000080 100000080 80100 100100 400100 1000100 2000100 4000100 10000100 20000100 40000100 80000100 100000100 200000100 20200 100200 400200 800200 1000200 2000200 8000200 40000200 200000200 100400 400400 800400 1000400 8000400 20000400 40000400 80000400 100000400 200000400 20800 80800 100800 200800 800800 1000800 2000800 4000800 40000800 80000800 200000800 21000 81000 401000 10001000 20001000 100001000 200001000 42000 82000 102000 202000 802000 2002000 4002000 20002000 40002000 24000 44000 84000 104000 204000 404000 1004000 2004000 8004000 10004000 20004000 80004000 100004000 200004000 28000 208000 408000 808000 2008000 4008000 200008000 30000 50000 110000 210000 2010000 4010000 40010000 100010000 200010000 2 10 40 1000 2000 8000 40000 100000 200000 400000 2000000 4000000 8000000 80000000 200000000
20001 100001 200001 400001 1000001 2000001 10000001 40000001 100000001 20002 80002 100002 200002 400002 800002 1000002 2000002 8000002 10000002 20000002 20004 40004 80004 200004 2000004 8000004 10000004 20000004 100000004 200000004 20008 80008 400008 4000008 8000008 10000008 20000008 40000008 80000008 100000008 20010 80010 100010 200010 400010 800010 2000010 4000010 10000010 20000010 40000010 100000010 40020 100020 200020 400020 1000020 2000020 10000020 80000020 40040 80040 200040 800040 4000040 8000040 40000040 100000040 200000040 40080 80080 800080 1000080 2000080 8000080 20000080 80100 200100 1000100 4000100 8000100 40000100 80000100 100000100 20200 40200 100200 800200 2000200 4000200 40000200 80000200 20400 80400 100400 1000400 4000400 10000400 20000400 80000400 100000400 200000400 200800 2000800 8000800 20000800 40000800 80000800 100000800 200000800 401000 801000 2001000 8001000 10001000 80001000 42000 102000 802000 2002000 8002000 100002000 200002000 44000 104000 404000 1004000 4004000 8004000 40004000 48000 408000 808000 1008000 2008000 4008000 80008000 100008000 200008000 90000 210000 410000 4010000 20010000 80010000 100010000 200010000 2 20 40 80 200 800 2000 4000 10000 20000 80000 100000 1000000 4000000 10000000 20000000 100000000
80001 100001 1000001 2000001 4000001 40000001 100000001 40002 80002 200002 800002 1000002 2000002 4000002 20000002 80000002 100000002 200000002 40004 80004 1000004 2000004 4000004 40000004 80000004 200008 400008 800008 2000008 20000008 40000008 80000008 100000008 80010 100010 400010 1000010 2000010 8000010 100000010 200000010 20020 80020 200020 800020 1000020 2000020 4000020 10000020 20000020 40000020 100000020 20040 40040 80040 100040 1000040 2000040 10000040 20000040 80000040 100000040 200000040 80080 100080 200080 1000080 2000080 4000080 8000080 10000080 80000080 200000080 40100 80100 200100 400100 800100 1000100 2000100 8000100 10000100 20000100 40000100 100000100 200000100 20200 80200 100200 200200 1000200 4000200 10000200 80000200 100000200 20400 40400 80400 100400 200400 400400 1000400 2000400 4000400 8000400 20000400 80000400 200000400 40800 100800 200800 400800 800800 2000800 10000800 20000800 40000800 80000800 200000800 21000 41000 81000 101000 201000 401000 1001000 2001000 8001000 10001000 20001000 80001000 100001000 22000 82000 202000 802000 1002000 4002000 8002000 10002000 20002000 40002000 80002000 100002000 200002000 84000 104000 204000 2004000 4004000 40004000 100004000 28000 88000 108000 208000 408000 1008000 4008000 10008000 20008000 80008000 200008000 30000 110000 210000 410000 1010000 2010000 8010000 20010000 40010000 1 4 8 20 100 200 400 1000 2000 8000 20000 40000 80000 100000 800000 1000000 20000000 100000000 0
20001 40001 800001 1000001 10000001 40000001 80000001 100000001 200000001 20002 80002 400002 800002 1000002 2000002 4000002 100000002 20004 40004 200004 400004 800004 2000004 4000004 8000004 20000004 100000004 20008 80008 800008 2000008 4000008 20000008 20010 80010 800010 2000010 4000010 20000010 80000010 200000010 20020 800020 1000020 40000020 100000020 200000020 40040 1000040 2000040 8000040 10000040 40000040 40080 80080 100080 400080 2000080 4000080 80000080 20100 40100 80100 100100 200100 400100 1000100 4000100 8000100 10000100 20000100 100000100 200000100 20200 100200 2000200 4000200 8000200 20000200 40000200 80000200 100000200 200000200 400400 800400 4000400 8000400 10000400 20000400 40000400 20800 40800 80800 2000800 80000800 100000800 200000800 21000 1001000 2001000 4001000 20001000 40001000 80001000 100001000 200001000 22000 202000 802000 1002000 2002000 4002000 8002000 20002000 40002000 80002000 24000 84000 104000 204000 804000 2004000 4004000 80004000 200004000 28000 48000 208000 408000 808000 1008000 10008000 20008000 40008000 80008000 200008000 30000 110000 210000 810000 1010000 2010000 4010000 20010000 4 80 200 800 2000 10000 40000 800000 1000000 4000000 20000000 40000000 80000000 0
100001 200001 1000001 2000001 8000001 40000001 100000001 100002 400002 800002 2000002 4000002 8000002 10000002 20000002 40000002 80000002 200000002 100004 200004 2000004 10000004 20000004 40000004 80000004 100000004 40008 100008 200008 400008 1000008 4000008 8000008 20000008 40000008 40010 200010 400010 800010 4000010 10000010 20000010 40020 100020 200020 800020 4000020 8000020 80000020 100000020 200000020 80040 200040 4000040 20000040 100000040 200000040 20080 40080 100080 200080 400080 8000080 10000080 80000080 100000080 20100 100100 200100 400100 800100 1000100 4000100 20000100 80000100 100000100 200000100 80200 4000200 20000200 80000200 100000200 200000200 20400 40400 100400 1000400 2000400 4000400 8000400 10000400 20000400 100000400 40800 80800 100800 800800 4000800 10000800 20000800 80000800 200000800 41000 401000 801000 4001000 8001000 100001000 1002000 8002000 100002000 200002000 44000 84000 204000 804000 2004000 4004000 10004000 20004000 88000 408000 808000 8008000 40008000 80008000 100008000 30000 90000 110000 1010000 8010000 20010000 40010000 80010000 100010000 200010000 1 2 4 10 20 40 100 400 800 1000 80000 100000 200000 800000 1000000 4000000 10000000
80001 400001 800001 2000001 20000001 100000001 200000001 80002 200002 800002 1000002 2000002 8000002 20000002 100000002 200000002 40004 80004 100004 200004 400004 2000004 4000004 10000004 80000004 100000004 200000004 20008 40008 80008 100008 800008 2000008 10000008 80000008 200000008 40010 100010 400010 800010 1000010 2000010 10000010 40000010 80000010 200000010 20020 40020 80020 800020 1000020 2000020 8000020 10000020 80000020 200000020 40040 100040 200040 400040 1000040 4000040 8000040 40080 200080 400080 800080 20000080 100000080 20100 100100 1000100 2000100 8000100 20000100 80000100 100000100 200000100 80200 100200 200200 800200 1000200 4000200 8000200 10000200 20000200 40000200 80000200 200000200 20400 80400 100400 200400 400400 800400 2000400 8000400 10000400 100000400 200000400 20800 100800 200800 1000800 2000800 4000800 8000800 80000800 200000800 81000 101000 201000 401000 801000 1001000 8001000 20001000 40001000 80001000 82000 102000 802000 1002000 2002000 4002000 10002000 20002000 40002000 80002000 24000 84000 104000 404000 804000 1004000 2004000 40004000 28000 88000 108000 408000 1008000 4008000 8008000 20008000 200008000 30000 90000 110000 2010000 8010000 20010000 100010000 200010000 2 8 40 400 800 1000 10000 40000 100000 800000 1000000 40000000 80000000 200000000
20001 80001 200001 400001 800001 4000001 8000001 10000001 20000001 40000001 80000001 20002 40002 80002 100002 200002 400002 1000002 4000002 8000002 10000002 80000002 100000002 20004 40004 100004 1000004 4000004 20000004 40000004 40008 80008 200008 800008 8000008 10000008 20000008 100000008 80010 200010 400010 2000010 4000010 8000010 20000010 40000010 200000010 20020 80020 100020 200020 1000020 4000020 8000020 10000020 20000020 80000020 100000020 200000020 80040 100040 1000040 2000040 8000040 10000040 20000040 40000040 100000040 200000040 40080 80080 200080 800080 1000080 10000080 20000080 40000080 80000080 100000080 80100 100100 200100 400100 2000100 4000100 8000100 20000100 80000100 100000100 80200 100200 400200 800200 8000200 40000200 80000200 80400 200400 400400 2000400 400800 2000800 4000800 20000800 40000800 80000800 100000800 21000 101000 401000 1001000 2001000 4001000 10001000 20001000 40001000 200001000 402000 1002000 2002000 10002000 20002000 40002000 100002000 44000 84000 104000 204000 404000 1004000 2004000 8004000 10004000 80004000 100004000 200004000 48000 88000 108000 408000 1008000 8008000 10008000 100008000 30000 90000 410000 1010000 8010000 20010000 40010000 80010000 100010000 200010000 1 4 8 100 200 400 2000 20000 40000 200000 400000 1000000 2000000 40000000 80000000 200000000
20001 80001 200001 800001 1000001 2000001 10000001 20000001 80000001 200000001 40002 80002 100002 800002 4000002 8000002 40000002 80000002 200000002 20004 80004 100004 2000004 4000004 8000004 10000004 20000004 40000004 80000004 100000004 200000004 20008 40008 80008 100008 200008 400008 2000008 4000008 20000008 20010 80010 200010 400010 800010 1000010 4000010 40000010 80000010 100000010 100020 200020 400020 4000020 8000020 10000020 20000020 80000020 20040 80040 100040 1000040 4000040 8000040 10000040 20000040 80000040 100000040 80080 200080 1000080 2000080 8000080 20000080 80000080 80100 400100 2000100 4000100 40000100 80000100 200000100 40200 80200 200200 400200 800200 1000200 2000200 4000200 10000200 20000200 80000200 200000200 20400 40400 100400 200400 400400 2000400 4000400 8000400 10000400 20000400 100000400 200000400 40800 80800 100800 200800 400800 800800 1000800 4000800 20000800 200000800 101000 2001000 4001000 8001000 20001000 40001000 80001000 100001000 200001000 202000 402000 802000 1002000 10002000 80002000 100002000 200002000 24000 44000 104000 804000 20004000 40004000 100004000 48000 88000 208000 1008000 2008000 4008000 8008000 10008000 20008000 40008000 80008000 90000 110000 210000 810000 1010000 8010000 10010000 40010000 80010000 1 4 8 20 80 200 400 800 2000 4000 8000 20000 80000 200000 800000 8000000 40000000 80000000 100000000 0
80001 200001 800001 1000001 4000001 40000001 20002 80002 400002 800002 1000002 20000002 20004 80004 800004 2000004 10000004 20000004 40000004 20008 40008 80008 200008 10000008 20000008 40000008 100000008 200000008 20010 100010 200010 1000010 2000010 4000010 10000010 40000010 100000010 200000010 20020 40020 80020 200020 8000020 10000020 20000020 40000020 80000020 20040 80040 100040 800040 2000040 4000040 10000040 20000040 100000040 200000040 20080 40080 80080 200080 800080 1000080 2000080 4000080 8000080 10000080 40000080 80100 400100 800100 8000100 10000100 20000100 100000100 200000100 40200 100200 200200 1000200 4000200 10000200 20000200 40000200 20400 100400 200400 400400 1000400 2000400 10000400 20000400 40000400 80000400 20800 800800 2000800 4000800 10000800 20000800 40000800 80000800 100000800 81000 4001000 8001000 22000 82000 102000 202000 402000 802000 4002000 8002000 80002000 100002000 44000 104000 204000 404000 804000 2004000 4004000 10004000 20004000 100004000 200004000 28000 88000 208000 1008000 2008000 20008000 100008000 30000 90000 210000 810000 2010000 8010000 40010000 100010000 8 40 80 400 10000 20000 200000 1000000 2000000 4000000 10000000 20000000 40000000 80000000
20001 40001 800001 20000001 40000001 80000001 200000001 80002 200002 400002 800002 1000002 8000002 10000002 20000002 40000002 20004 100004 200004 800004 2000004 8000004 200000004 100008 2000008 8000008 40000008 200000008 80010 100010 200010 4000010 8000010 10000010 40000010 100000010 20020 40020 80020 400020 1000020 4000020 8000020 80000020 200000020 40040 80040 200040 400040 2000040 4000040 10000040 80000040 200000040 20080 40080 80080 200080 400080 2000080 8000080 20000080 40000080 200000080 80100 100100 200100 400100 800100 1000100 4000100 8000100 20000100 40200 80200 200200 4000200 8000200 10000200 20000200 80000200 20400 200400 1000400 8000400 100000400 200000400 80800 100800 4000800 8000800 10000800 101000 201000 1001000 2001000 4001000 40001000 22000 42000 82000 102000 802000 1002000 10002000 20002000 40002000 100002000 200002000 24000 44000 204000 404000 1004000 4004000 20004000 80004000 100004000 200004000 48000 88000 408000 2008000 8008000 80008000 90000 1010000 8010000 10010000 20010000 100010000 1 2 4 8 20 40 80 100 800 1000 2000 8000 20000 40000 80000 100000 200000 2000000 4000000 100000000
40001 100001 400001 1000001 4000001 8000001 10000001 80000001 100000001 20002 80002 200002 400002 2000002 8000002 40000002 100000002 200000002 100004 200004 400004 1000004 2000004 4000004 8000004 10000004 200000004 20008 40008 100008 200008 800008 8000008 10000008 80000008 100000008 40010 80010 200010 400010 2000010 4000010 8000010 10000010 20000010 40020 80020 100020 400020 2000020 4000020 10000020 20000020 200000020 100040 200040 400040 2000040 10000040 20000040 80000040 200000040 80080 100080 200080 800080 2000080 8000080 10000080 80000080 100000080 100100 200100 800100 1000100 4000100 8000100 40200 80200 100200 200200 400200 800200 2000200 10000200 40000200 80000200 200000200 20400 40400 80400 100400 1000400 8000400 20000400 20800 40800 100800 400800 800800 2000800 8000800 10000800 20000800 80000800 21000 41000 101000 201000 4001000 8001000 40001000 80001000 82000 802000 1002000 2002000 4002000 10002000 20002000 40002000 200002000 24000 44000 84000 104000 804000 4004000 10004000 40004000 80004000 100004000 108000 408000 2008000 8008000 40008000 100008000 110000 4010000 8010000 10010000 20010000 40010000 80010000 200010000 2 4 10 40 80 100 200 400 800 1000 2000 4000 40000 100000 200000 800000 1000000 2000000 8000000 20000000 40000000 100000000 0
20001 100001 2000001 4000001 8000001 10000001 20000001 100000001 200000001 100002 200002 4000002 20000002 40000002 40004 100004 400004 800004 4000004 8000004 80000004 40008 80008 200008 400008 1000008 4000008 8000008 10000008 20000008 40000008 80000008 40010 100010 1000010 20000010 40000010 80000010 200000010 20020 40020 2000020 8000020 10000020 20000020 40000020 80000020 20040 40040 80040 100040 400040 80000040 200000040 20080 100080 200080 800080 1000080 4000080 8000080 10000080 20000080 40000080 80000080 100000080 20100 40100 80100 200100 800100 8000100 40000100 80000100 100000100 40200 100200 200200 400200 40000200 80000200 20400 40400 80400 200400 800400 1000400 2000400 8000400 80000400 200000400 40800 80800 200800 800800 1000800 10000800 40000800 100000800 200000800 41000 81000 101000 201000 401000 10001000 40001000 200001000 102000 402000 1002000 4002000 8002000 10002000 100002000 84000 104000 204000 804000 1004000 4004000 8004000 10004000 20004000 80004000 100004000 200004000 208000 408000 808000 1008000 2008000 4008000 8008000 10008000 20008000 80008000 100008000 50000 90000 1010000 4010000 10010000 80010000 100010000 8 10 20 40 80 200 400 800 4000 10000 20000 80000 400000 800000 2000000 100000000 0
40001 80001 400001 800001 1000001 8000001 80000001 200000001 20002 80002 200002 400002 1000002 2000002 10000002 100000002 80004 1000004 2000004 8000004 20000004 40000004 100000004 200000004 100008 400008 2000008 4000008 8000008 10000008 80000008 100000008 200000008 40010 100010 200010 800010 8000010 40000010 100000010 20020 40020 80020 100020 400020 4000020 20000020 100000020 20040 2000040 4000040 10000040 40000040 100000040 200000040 20080 40080 80080 100080 200080 400080 80000080 20100 40100 80100 400100 1000100 2000100 4000100 8000100 10000100 20000100 40000100 80000100 100000100 20200 40200 80200 100200 200200 400200 2000200 4000200 80000200 100000200 200000200 100400 200400 400400 1000400 2000400 10000400 20000400 80000400 100000400 200000400 20800 200800 400800 1000800 4000800 10000800 20000800 80000800 100000800 201000 401000 8001000 10001000 20001000 40001000 100001000 200001000 42000 82000 402000 1002000 4002000 8002000 20002000 44000 404000 1004000 20004000 40004000 80004000 28000 48000 108000 208000 408000 808000 2008000 8008000 10008000 20008000 40008000 100008000 200008000 110000 410000 1010000 8010000 10010000 20010000 80010000 100010000 200010000 4 80 100 800 1000 8000 10000 20000 40000 80000 100000 200000 400000 800000 1000000 2000000 4000000 40000000 80000000
20001 100001 400001 800001 1000001 2000001 10000001 20000001 80000001 40002 80002 200002 800002 4000002 40000002 40004 100004 800004 8000004 20000004 80000004 20008 40008 100008 400008 800008 1000008 4000008 8000008 10000008 20000008 40000008 100000008 20010 80010 100010 200010 400010 8000010 10000010 20000010 80000010 100000010 20020 1000020 2000020 4000020 20000020 40000020 80000020 100000020 200000020 40040 80040 8000040 20000040 80000040 800080 1000080 4000080 8000080 20000080 40000080 20100 40100 80100 200100 400100 800100 1000100 4000100 20000100 40000100 80000100 100000100 800200 20000200 40000200 80000200 100000200 20400 400400 800400 8000400 10000400 100000400 200000400 20800 80800 400800 800800 1000800 8000800 10000800 100000800 200000800 21000 101000 401000 801000 2001000 42000 82000 102000 202000 402000 1002000 2002000 4002000 8002000 10002000 20002000 100002000 24000 44000 84000 804000 8004000 10004000 20004000 40004000 80004000 48000 88000 408000 1008000 4008000 8008000 10008000 20008000 80008000 100008000 200008000 90000 110000 210000 410000 2010000 8010000 10010000 20010000 40010000 80010000 100010000 2 4 40 80 800 2000 4000 8000 20000 100000 4000000 8000000 10000000 40000000 0
20001 40001 100001 200001 1000001 2000001 10000001 20000001 100000001 200000001 40002 80002 100002 200002 400002 800002 2000002 10000002 20000002 80000002 100000002 20004 80004 400004 800004 40000004 80000004 100000004 200000004 40008 200008 400008 800008 1000008 4000008 8000008 10000008 20000008 40000008 80000008 200000008 20010 100010 800010 1000010 2000010 4000010 8000010 80020 800020 1000020 4000020 8000020 20000020 40000020 80000020 40040 200040 2000040 8000040 10000040 100000040 200000040 20080 40080 80080 200080 400080 800080 8000080 80000080 100000080 200000080 40100 1000100 4000100 10000100 20000100 200000100 20200 40200 100200 4000200 8000200 10000200 40000200 200000200 20400 80400 100400 2000400 8000400 40000400 80000400 100000400 40800 80800 200800 8000800 20000800 80000800 21000 101000 801000 40001000 22000 42000 82000 802000 2002000 4002000 10002000 20002000 40002000 80002000 84000 204000 404000 2004000 4004000 8004000 80004000 200004000 48000 108000 208000 408000 8008000 10008000 40008000 30000 50000 110000 210000 810000 1010000 2010000 4010000 20010000 40010000 1 8 20 40 100 400 1000 4000 100000 2000000 4000000 10000000 80000000 0
80001 400001 800001 1000001 4000001 8000001 10000001 20000001 40000001 100000001 20002 80002 100002 200002 400002 1000002 20000002 100000002 200000002 40004 100004 800004 2000004 8000004 10000004 200000004 20008 80008 400008 8000008 10000008 40000008 80000008 200000008 20010 80010 100010 800010 100000010 200000010 20020 40020 80020 200020 400020 800020 4000020 10000020 20000020 100000020 200000020 40040 100040 4000040 10000040 40000040 200000040 20080 80080 800080 4000080 8000080 10000080 40000080 100000080 200000080 20100 100100 400100 2000100 4000100 10000100 80000100 100000100 80200 100200 400200 800200 4000200 80400 100400 400400 800400 2000400 4000400 8000400 10000400 20000400 80000400 100000400 200000400 2000800 4000800 8000800 20000800 40000800 100000800 21000 41000 201000 401000 801000 1001000 42000 402000 802000 10002000 20002000 80002000 24000 44000 104000 804000 1004000 10004000 28000 88000 108000 208000 408000 808000 2008000 8008000 80008000 30000 110000 210000 410000 1010000 2010000 8010000 2 40 200 400 800 2000 4000 8000 20000 100000 200000 1000000 2000000 20000000 40000000 80000000 200000000
20001 100001 10000001 80000001 100000001 200000001 40002 100002 200002 800002 1000002 2000002 8000002 10000002 40000002 80000002 200000002 20004 80004 100004 200004 400004 2000004 8000004 10000004 20000004 40000004 80000004 20008 40008 80008 100008 2000008 10000008 20000008 40000008 80000008 200000008 80010 100010 200010 800010 1000010 2000010 4000010 10000010 20000010 100000010 200000010 100020 1000020 8000020 10000020 80040 400040 1000040 2000040 8000040 100000040 200000040 20080 80080 2000080 4000080 40000080 20100 40100 80100 100100 200100 800100 1000100 2000100 4000100 10000100 20200 80200 100200 200200 400200 1000200 2000200 4000200 40000200 80000200 100000200 200000200 200400 400400 800400 10000400 80000400 100000400 20800 40800 200800 400800 1000800 2000800 8000800 20000800 100000800 200000800 21000 81000 201000 401000 1001000 2001000 4001000 8001000 10001000 40001000 80001000 200001000 22000 42000 82000 102000 202000 402000 802000 10002000 20002000 80002000 200002000 104000 404000 4004000 8004000 200004000 48000 88000 208000 808000 4008000 10008000 20008000 80008000 200008000 110000 410000 810000 10010000 20010000 80010000 100010000 200010000 1 2 4 10 20 100 200 800 1000 8000 10000 80000 100000 200000 400000 800000 1000000 20000000 40000000 100000000 200000000 0
20001 40001 80001 100001 400001 1000001 4000001 8000001 10000001 40000001 200000001 40002 80002 100002 400002 2000002 8000002 10000002 100000002 200000002 200004 400004 2000004 4000004 8000004 10000004 40000004 80008 400008 800008 1000008 8000008 20000008 200000008 200010 800010 4000010 8000010 20000010 40000010 80000010 20020 40020 80020 800020 2000020 8000020 10000020 80000020 200000020 80040 100040 200040 1000040 2000040 80000040 200000040 40080 80080 200080 800080 2000080 8000080 10000080 20000080 40000080 20100 40100 80100 200100 800100 4000100 10000100 20000100 100000100 200000100 80200 100200 200200 400200 4000200 10000200 20000200 40000200 80000200 200000200 20400 40400 800400 8000400 10000400 200000400 20800 40800 2000800 10000800 100000800 200000800 41000 101000 201000 401000 801000 2001000 200001000 22000 102000 202000 402000 1002000 2002000 10002000 40002000 100002000 200002000 44000 84000 104000 204000 1004000 8004000 10004000 20004000 200004000 28000 208000 408000 2008000 4008000 40008000 100008000 200008000 90000 210000 4010000 8010000 20010000 2 8 20 40 100 400 1000 10000 20000 40000 100000 400000 1000000 2000000 10000000 20000000 80000000 100000000
40001 80001 100001 200001 2000001 4000001 10000001 40000001 80000001 100002 200002 400002 800002 4000002 10000002 20000002 40000002 80000002 200000002 80004 100004 400004 2000004 4000004 20000004 40000004 80000004 100000004 20008 80008 200008 2000008 80000008 100000008 200000008 80010 100010 800010 8000010 40020 80020 200020 400020 800020 1000020 8000020 10000020 100000020 200000020 20040 40040 100040 400040 2000040 10000040 100000040 200000040 80080 100080 800080 2000080 8000080 10000080 20100 40100 80100 400100 4000100 40000100 100000100 200000100 40200 100200 1000200 2000200 4000200 8000200 10000200 100000200 200000200 40400 80400 400400 800400 2000400 4000400 10000400 20000400 80000400 20800 80800 400800 800800 1000800 2000800 10000800 20000800 40000800 100000800 21000 41000 101000 201000 401000 8001000 20001000 200001000 82000 802000 1002000 4002000 10002000 20002000 40002000 80002000 100002000 200002000 24000 44000 104000 204000 804000 1004000 2004000 8004000 80004000 100004000 200004000 28000 48000 88000 208000 408000 808000 1008000 4008000 8008000 80008000 30000 90000 210000 410000 4010000 10010000 40010000 200010000 4 8 10 20 200 4000 10000 40000 80000 100000 200000 800000 2000000 4000000 10000000 20000000
20001 40001 80001 100001 200001 400001 800001 1000001 2000001 4000001 8000001 100000001 200000001 40002 80002 400002 800002 2000002 4000002 8000002 10000002 20000002 40000002 100000002 20004 40004 100004 200004 800004 20000004 40000004 80000004 100000004 200000004 20008 40008 100008 200008 400008 800008 1000008 2000008 8000008 10000008 40000008 100000008 200000008 20010 80010 100010 200010 8000010 80000010 80020 100020 200020 400020 800020 2000020 8000020 40000020 80000020 80040 400040 800040 1000040 2000040 4000040 40000040 80000040 100000040 80080 4000080 20000080 100000080 20100 400100 800100 1000100 10000100 100000100 20200 40200 1000200 4000200 20000200 200000200 40400 100400 200400 400400 800400 2000400 40000400 80000400 20800 80800 100800 4000800 40000800 200000800 41000 81000 101000 401000 2001000 8001000 10001000 20001000 40001000 22000 42000 102000 402000 1002000 8002000 20002000 80002000 100002000 200002000 24000 104000 204000 804000 1004000 4004000 8004000 10004000 20004000 40004000 100004000 200004000 28000 48000 808000 2008000 4008000 8008000 20008000 40008000 100008000 30000 410000 810000 1010000 8010000 20010000 100010000 200010000 2 20 40 100 2000 20000 80000 400000 2000000 10000000 20000000 40000000 100000000 200000000 0
