38 4
37
100001 200001 400001 2000001 4000001 20000001 40000001 80000001 2000000001 80002 100002 400002 1000002 2000002 4000002 10000002 20000002 40000002 80000002 100000002 1000000002 1000004 8000004 400000004 100008 200008 800008 4000008 10000008 40000008 100000008 200000008 400000008 800000008 100010 400010 2000010 4000010 40000010 80000010 200000010 400000010 800000010 1000000010 80020 2000020 4000020 8000020 80000020 800000020 1000000020 80040 200040 800040 2000040 4000040 8000040 10000040 80000040 200000040 400000040 80080 200080 800080 1000080 2000080 10000080 20000080 80000080 200000080 1000000080 80100 100100 800100 4000100 10000100 40000100 800000100 1000000100 2000000100 4000200 10000200 40000200 200000200 800000200 200400 400400 1000400 4000400 8000400 10000400 20000400 400000400 1000000400 2000000400 80800 100800 200800 400800 800800 4000800 8000800 10000800 20000800 80000800 200000800 400000800 81000 201000 2001000 20001000 40001000 80001000 100001000 200001000 1000001000 82000 402000 802000 1002000 2002000 8002000 20002000 40002000 80002000 100002000 200002000 400002000 1000002000 2000002000 84000 104000 204000 804000 4004000 10004000 20004000 40004000 80004000 100004000 800004000 2000004000 88000 108000 208000 808000 4008000 200008000 400008000 800008000 90000 210000 2010000 20010000 80010000 400010000 800010000 220000 420000 1020000 2020000 4020000 10020000 20020000 40020000 100020000 400020000 1000020000 2000020000 240000 440000 840000 4040000 8040000 100040000 1000040000 1 2 8 10 20 80 100 200 1000 2000 8000 10000 20000 100000 200000 400000 1000000 2000000 10000000 100000000 400000000 800000000 2000000000
100001 200001 400001 1000001 10000001 20000001 100000001 200000001 400000001 800000001 100002 400002 800002 2000002 4000002 8000002 20000002 400000002 400004 800004 2000004 4000004 8000004 10000004 100000004 400000004 1000000004 2000000004 80008 100008 2000008 8000008 20000008 200000008 800000008 2000000008 100010 200010 800010 4000010 8000010 10000010 20000010 40000010 100000010 400000010 1000000010 100020 800020 1000020 4000020 10000020 40000020 80000020 400000020 1000000020 2000000020 80040 200040 400040 800040 2000040 4000040 20000040 40000040 800000040 1000000040 800080 1000080 4000080 8000080 20000080 40000080 80000080 100000080 400000080 800000080 1000000080 2000000080 80100 200100 400100 800100 1000100 2000100 4000100 8000100 10000100 20000100 80000100 200000100 800000100 2000000100 200200 400200 1000200 4000200 8000200 20000200 40000200 80000200 100000200 200000200 2000000200 80400 100400 8000400 10000400 20000400 40000400 80000400 800000400 1000000400 80800 400800 4000800 8000800 40000800 100000800 200000800 800000800 1000000800 81000 201000 2001000 4001000 8001000 10001000 40001000 400001000 800001000 1000001000 2000001000 102000 402000 802000 4002000 8002000 10002000 100002000 800002000 2000002000 104000 1004000 2004000 40004000 100004000 200004000 400004000 800004000 2000004000 208000 808000 2008000 8008000 10008000 40008000 100008000 200008000 400008000 800008000 1000008000 2000008000 1010000 40010000 80010000 100010000 200010000 800010000 820000 2020000 4020000 800020000 c0000 240000 840000 1040000 4040000 8040000 80040000 200040000 400040000 800040000 2 4 8 20 40 100 200 400 2000 10000 20000 200000 400000 2000000 8000000 10000000 40000000 80000000 200000000 2000000000 0
80001 400001 1000001 8000001 10000001 40000001 80000001 200002 800002 1000002 4000002 20000002 40000002 80000002 1000000002 80004 100004 200004 800004 1000004 10000004 200000004 800000004 200008 1000008 4000008 10000008 20000008 80000008 100000008 400000008 2000000008 80010 400010 2000010 8000010 40000010 80000010 100000010 200000010 400000010 1000000010 80020 100020 200020 800020 1000020 4000020 8000020 40000020 100000020 800000020 1000000020 2000000020 2000040 100000040 800000040 100080 800080 4000080 8000080 20000080 80000080 100000080 400000080 1000000080 100100 200100 800100 1000100 2000100 4000100 8000100 10000100 40000100 200000100 400000100 800000100 2000000100 80200 400200 800200 1000200 4000200 8000200 200000200 800000200 1000000200 100400 400400 800400 1000400 4000400 40000400 80000400 800000400 2000000400 80800 100800 1000800 4000800 8000800 10000800 20000800 200000800 800000800 1000000800 201000 401000 801000 1001000 2001000 4001000 8001000 20001000 40001000 400001000 102000 202000 402000 1002000 4002000 20002000 100002000 200002000 400002000 800002000 1000002000 84000 104000 204000 404000 804000 2004000 4004000 8004000 10004000 20004000 40004000 80004000 400004000 800004000 1000004000 2000004000 408000 10008000 20008000 80008000 100008000 200008000 400008000 90000 110000 810000 1010000 8010000 20010000 100010000 200010000 1000010000 1020000 2020000 4020000 1000020000 2000020000 440000 1040000 2040000 8040000 10040000 20040000 400040000 800040000 2000040000 2 20 100 200 800 8000 10000 40000 200000 400000 1000000 8000000 10000000 100000000 400000000 800000000
80001 100001 200001 800001 1000001 2000001 4000001 40000001 80000001 100000001 800000001 2000000001 100002 200002 8000002 200000002 400000002 800000002 1000000002 80004 200004 400004 800004 1000004 100000004 800000004 1000000004 2000000004 100008 200008 400008 800008 1000008 20000008 40000008 80000008 800000008 80010 100010 400010 4000010 20000010 800000010 1000000010 80020 200020 10000020 20000020 80000020 400000020 2000000020 100040 4000040 10000040 80000040 100000040 800000040 1000000040 100080 400080 1000080 8000080 20000080 1000000080 1000100 20000100 80000100 100000100 1000000100 80200 400200 800200 1000200 2000200 4000200 8000200 200000200 400000200 800000200 1000000200 2000000200 200400 800400 2000400 8000400 20000400 80000400 1000000400 2000000400 1000800 2000800 8000800 40000800 80000800 100000800 200000800 800000800 1000000800 2000000800 201000 801000 4001000 10001000 20001000 80001000 100001000 400001000 800001000 1000001000 802000 2002000 8002000 10002000 20002000 1000002000 2000002000 204000 804000 1004000 4004000 8004000 40004000 100004000 200004000 400004000 800004000 408000 4008000 80008000 200008000 1000008000 2000008000 110000 210000 2010000 4010000 8010000 10010000 20010000 40010000 200010000 800010000 2000010000 420000 820000 1020000 2020000 8020000 10020000 200020000 400020000 140000 240000 840000 1040000 8040000 20040000 40040000 400040000 800040000 2 10 40 80 800 1000 2000 10000 40000 80000 200000 10000000 20000000 100000000 200000000 2000000000
80001 800001 4000001 20000001 40000001 80000001 100000001 1000000001 1000002 2000002 8000002 10000002 40000002 100000002 400000002 100004 200004 400004 800004 8000004 10000004 40000004 80000004 100000004 400000004 1000000004 100008 400008 800008 2000008 8000008 20000008 40000008 2000000008 80010 200010 400010 1000010 2000010 4000010 10000010 20000010 40000010 1000000010 2000000010 100020 200020 400020 1000020 10000020 80000020 100000020 400000020 800000020 80040 200040 800040 1000040 4000040 8000040 20000040 40000040 80000040 200000040 800000040 2000000040 80080 100080 800080 2000080 8000080 10000080 100000080 200000080 800000080 1000000080 100100 200100 800100 2000100 4000100 8000100 10000100 100000100 200000100 100200 200200 2000200 8000200 20000200 80000200 200000200 800000200 2000000200 80400 100400 200400 400400 1000400 8000400 100000400 200000400 400000400 800000400 80800 100800 200800 400800 10000800 20000800 40000800 400000800 1000000800 2000000800 81000 101000 401000 10001000 20001000 80001000 100001000 800001000 2000001000 82000 102000 402000 802000 1002000 20002000 400002000 800002000 2000002000 104000 204000 1004000 2004000 40004000 200004000 400004000 800004000 88000 208000 1008000 10008000 80008000 400008000 800008000 1000008000 2000008000 210000 810000 2010000 20010000 40010000 80010000 1000010000 2000010000 120000 420000 1020000 8020000 10020000 40020000 80020000 100020000 800020000 140000 240000 840000 1040000 2040000 4040000 8040000 10040000 200040000 400040000 2000040000 4 8 10 40 200 400 800 1000 4000 20000 40000 800000 10000000 20000000 40000000 200000000 800000000 2000000000 0
100001 200001 400001 2000001 4000001 20000001 40000001 200000001 2000000001 80002 200002 400002 4000002 8000002 10000002 80000002 200000002 400000002 800000002 1000000002 2000000002 200004 800004 1000004 4000004 10000004 20000004 80000004 100000004 800000004 1000000004 100008 200008 400008 1000008 4000008 10000008 20000008 40000008 80000008 200000008 400000008 800000008 1000000008 100010 200010 400010 2000010 4000010 10000010 20000010 80000010 100000010 200000010 800000010 2000000010 100020 200020 400020 2000020 10000020 20000020 40000020 100000020 2000000020 80040 4000040 8000040 10000040 20000040 80000040 100000040 200000040 2000000040 400080 800080 2000080 4000080 10000080 40000080 200000080 2000000080 80100 100100 400100 1000100 2000100 80000100 1000000100 2000000100 800200 1000200 4000200 10000200 20000200 40000200 200000200 800000200 200400 800400 1000400 8000400 10000400 40000400 100000400 200000400 400000400 800000400 1000000400 100800 400800 800800 1000800 2000800 20000800 40000800 80000800 100000800 200000800 800000800 1000000800 81000 201000 401000 2001000 8001000 20001000 40001000 80001000 100001000 400001000 2000001000 82000 102000 802000 1002000 2002000 10002000 80002000 400002000 1000002000 1004000 2004000 4004000 20004000 40004000 100004000 400004000 800004000 2000004000 108000 408000 808000 40008000 80008000 100008000 800008000 1000008000 2000008000 1010000 4010000 40010000 80010000 100010000 200010000 400010000 800010000 2000010000 a0000 420000 820000 2020000 8020000 10020000 20020000 40020000 200020000 800020000 1000020000 2000020000 c0000 140000 840000 1040000 2040000 4040000 8040000 10040000 20040000 40040000 80040000 100040000 200040000 800040000 2000040000 10 20 40 100 200 800 1000 4000 8000 20000 100000 400000 2000000 4000000 40000000 400000000 1000000000 0
80001 800001 4000001 40000001 100000001 200000001 400000001 800000001 2000000001 80002 100002 2000002 8000002 40000002 80000002 400000002 1000000002 400004 800004 1000004 2000004 4000004 10000004 20000004 40000004 100000004 200000004 2000000004 1000008 2000008 8000008 20000008 200000008 800000008 1000000008 2000000008 80010 1000010 2000010 10000010 100000010 200000010 200020 400020 4000020 20000020 400000020 800000020 2000000020 80040 100040 200040 400040 10000040 20000040 100000040 200000040 400000040 1000000040 80080 200080 400080 800080 1000080 20000080 40000080 400000080 80100 1000100 2000100 20000100 40000100 80000100 100000100 200000100 400000100 200200 400200 2000200 4000200 8000200 20000200 100000200 200000200 800000200 1000000200 2000000200 80400 1000400 4000400 8000400 10000400 40000400 400000400 2000000400 80800 100800 800800 2000800 4000800 40000800 800000800 2000000800 81000 201000 401000 1001000 10001000 20001000 100001000 800001000 82000 102000 202000 802000 1002000 4002000 8002000 20002000 100002000 200002000 800002000 8004000 10004000 20004000 80004000 100004000 200004000 108000 208000 808000 1008000 4008000 20008000 80008000 400008000 1000008000 2000008000 210000 810000 2010000 4010000 8010000 20010000 80010000 200010000 2000010000 a0000 120000 220000 820000 4020000 10020000 20020000 40020000 200020000 c0000 140000 240000 440000 2040000 10040000 100040000 400040000 800040000 2000040000 1 10 20 80 100 1000 4000 8000 10000 80000 200000 1000000 4000000 80000000 100000000 200000000 400000000 1000000000 0
80001 100001 800001 40000001 80000001 800000001 80002 200002 1000002 2000002 4000002 10000002 40000002 80000002 400000002 1000000002 2000000002 80004 100004 1000004 2000004 4000004 8000004 10000004 40000004 80000004 400000004 800000004 1000000004 2000000004 80008 200008 400008 1000008 4000008 8000008 10000008 40000008 100000008 2000000008 400010 1000010 2000010 4000010 10000010 20000010 100000010 200000010 1000000010 80020 100020 200020 400020 800020 1000020 4000020 10000020 40000020 80000020 100000020 200000020 400000020 1000000020 2000000020 100040 200040 1000040 4000040 200000040 400000040 800000040 1000080 8000080 20000080 400000080 1000000080 2000000080 80100 200100 400100 2000100 4000100 8000100 40000100 80000100 400000100 80200 400200 800200 1000200 4000200 10000200 20000200 40000200 400000200 1000000200 80400 100400 800400 4000400 8000400 20000400 40000400 80000400 200000400 400000400 1000000400 2000000400 100800 200800 400800 1000800 8000800 10000800 20000800 40000800 80000800 100000800 200000800 800000800 2000000800 201000 401000 4001000 8001000 10001000 20001000 40001000 100001000 200001000 400001000 2000001000 402000 802000 2002000 4002000 8002000 10002000 20002000 40002000 100002000 200002000 1000002000 204000 404000 804000 1004000 4004000 20004000 100004000 400004000 800004000 1000004000 88000 108000 408000 808000 4008000 8008000 20008000 80008000 100008000 200008000 800008000 1000008000 2000008000 110000 2010000 40010000 80010000 100010000 200010000 800010000 1000010000 2000010000 a0000 220000 420000 4020000 20020000 40020000 80020000 100020000 200020000 400020000 1000020000 140000 240000 840000 1040000 4040000 8040000 40040000 100040000 200040000 400040000 2 4 8 10 100 400 1000 8000 10000 20000 40000 200000 1000000 20000000 40000000 200000000 400000000 2000000000
100001 400001 800001 1000001 8000001 80000001 200000001 800000001 2000000001 80002 400002 1000002 20000002 40000002 100000002 200000002 800000002 2000000002 80004 800004 2000004 4000004 8000004 80000004 800000004 2000000004 80008 400008 800008 4000008 20000008 40000008 200000008 400000008 800000008 1000000008 100010 1000010 2000010 8000010 10000010 40000010 200000010 400000010 80020 100020 400020 800020 1000020 2000020 4000020 80000020 100000020 200000020 80040 400040 800040 2000040 20000040 80000040 100000040 200000040 800000040 1000000040 100080 1000080 2000080 4000080 10000080 80000080 100000080 200000080 800000080 80100 100100 800100 2000100 4000100 10000100 80000100 200000100 400000100 1000000100 400200 800200 2000200 100000200 200000200 400000200 2000000200 100400 200400 400400 4000400 20000400 40000400 400000400 800000400 2000000400 100800 200800 1000800 8000800 10000800 20000800 80000800 200000800 800000800 1000000800 2000000800 81000 401000 801000 1001000 2001000 8001000 10001000 40001000 100001000 200001000 1000001000 82000 202000 802000 1002000 10002000 20002000 80002000 800002000 1000002000 2000002000 104000 204000 404000 804000 4004000 8004000 80004000 100004000 200004000 400004000 1000004000 108000 408000 808000 1008000 2008000 8008000 100008000 90000 110000 410000 810000 10010000 100010000 200010000 400010000 120000 1020000 2020000 4020000 8020000 20020000 100020000 400020000 1000020000 2000020000 c0000 40040000 400040000 1000040000 4 80 100 200 800 1000 20000 40000 80000 200000 400000 1000000 8000000 20000000 80000000 100000000 800000000
400001 800001 2000001 4000001 10000001 40000001 100000001 400000001 800000001 1000000001 100002 200002 1000002 4000002 8000002 20000002 200000002 1000000002 2000000002 80004 100004 200004 800004 4000004 8000004 40000004 800000004 1000000004 100008 200008 400008 8000008 100000008 200000008 400000008 800000008 1000000008 2000000008 80010 200010 1000010 8000010 20000010 40000010 200000010 400000010 800000010 1000000010 100020 400020 1000020 8000020 10000020 80000020 400000020 800000020 1000000020 2000000020 80040 200040 800040 2000040 4000040 8000040 10000040 40000040 80000040 100000040 200000040 1000000040 200080 800080 1000080 2000080 4000080 8000080 10000080 20000080 40000080 200000080 800000080 1000000080 2000000080 80100 200100 800100 4000100 8000100 10000100 40000100 80000100 100000100 1000000100 2000000100 80200 100200 400200 800200 1000200 2000200 4000200 8000200 10000200 40000200 100000200 400000200 800000200 1000000200 2000000200 80400 100400 200400 400400 800400 1000400 4000400 10000400 40000400 200000400 400000400 800000400 1000000400 2000000400 100800 400800 800800 1000800 2000800 20000800 40000800 80000800 200000800 400000800 1000000800 81000 201000 801000 1001000 2001000 4001000 8001000 20001000 40001000 80001000 200001000 400001000 2000001000 102000 202000 802000 1002000 8002000 20002000 100002000 200002000 800002000 1000002000 2000002000 804000 1004000 2004000 8004000 40004000 80004000 100004000 800004000 808000 8008000 10008000 20008000 40008000 80008000 100008000 200008000 400008000 2000008000 90000 110000 210000 810000 1010000 2010000 10010000 20010000 40010000 100010000 200010000 800010000 2000010000 120000 220000 420000 820000 2020000 8020000 20020000 40020000 80020000 400020000 800020000 2000020000 c0000 240000 2040000 4040000 10040000 40040000 100040000 200040000 2000040000 1 8 10 400 800 1000 4000 20000 40000 100000 200000 400000 2000000 80000000 400000000 800000000
80001 200001 400001 1000001 2000001 4000001 20000001 400000001 800000001 1000000001 80002 800002 1000002 20000002 80000002 800000002 1000000002 2000000002 80004 100004 800004 1000004 8000004 20000004 40000004 200000004 1000000004 100008 200008 8000008 10000008 200000008 400000008 800000008 80010 100010 200010 400010 800010 2000010 8000010 100000010 200000010 800000010 2000020 8000020 20000020 40000020 400000020 100040 800040 1000040 4000040 40000040 80000040 100000040 400000040 1000000040 100080 400080 2000080 8000080 10000080 20000080 80000080 100000080 200000080 2000000080 80100 200100 1000100 2000100 20000100 40000100 80000100 400000100 800000100 1000000100 400200 8000200 10000200 80000200 2000000200 80400 800400 8000400 40000400 100000400 200000400 800000400 100800 400800 800800 1000800 4000800 8000800 20000800 40000800 100000800 200000800 800000800 1000000800 101000 201000 401000 801000 2001000 4001000 10001000 20001000 200001000 800001000 82000 802000 4002000 10002000 40002000 1000002000 2000002000 204000 804000 2004000 4004000 8004000 20004000 40004000 80004000 800004000 2000004000 108000 808000 1008000 2008000 80008000 200008000 800008000 2000008000 90000 210000 410000 10010000 80010000 100010000 200010000 800010000 1000010000 2000010000 120000 220000 420000 1020000 2020000 4020000 8020000 80020000 100020000 200020000 140000 440000 840000 4040000 8040000 20040000 100040000 200040000 400040000 1000040000 1 2 4 20 40 80 200 800 1000 4000 8000 10000 40000 80000 200000 800000 1000000 8000000 20000000 40000000 80000000 800000000 1000000000 2000000000
100001 200001 400001 1000001 2000001 8000001 80000001 400000001 800000001 1000000001 2000000001 100002 200002 400002 1000002 2000002 10000002 100000002 200000002 800000002 1000000002 80004 100004 200004 400004 2000004 4000004 8000004 80000004 100000004 200000004 400000004 800000004 1000000004 2000000004 80008 100008 800008 1000008 2000008 4000008 10000008 20000008 40000008 80000008 200000008 800000008 1000000008 200010 400010 800010 1000010 2000010 4000010 10000010 1000000010 80020 200020 400020 800020 40000020 80000020 100000020 200000020 400000020 800000020 2000040 8000040 40000040 80000040 400000040 1000000040 400080 10000080 200000080 400000080 80100 200100 800100 1000100 4000100 8000100 80000100 100000100 400000100 400200 1000200 4000200 8000200 10000200 20000200 40000200 80000200 100000200 200000200 400000200 2000000200 80400 200400 400400 1000400 2000400 4000400 10000400 20000400 40000400 80000400 100000400 200000400 400000400 800000400 2000000400 80800 100800 400800 800800 1000800 2000800 4000800 20000800 40000800 80000800 100000800 400000800 800000800 1000000800 401000 801000 1001000 2001000 4001000 200001000 400001000 800001000 1000001000 2000001000 102000 202000 402000 802000 8002000 10002000 40002000 80002000 100002000 200002000 400002000 800002000 2000002000 104000 204000 804000 1004000 2004000 4004000 8004000 10004000 40004000 800004000 1000004000 108000 1008000 2008000 80008000 200008000 1000008000 2000008000 810000 1010000 8010000 20010000 200010000 820000 8020000 10020000 40020000 80020000 800020000 1000020000 2000020000 c0000 140000 240000 440000 10040000 40040000 80040000 200040000 1000040000 2 8 10 80 100 400 800 8000 40000 100000 200000 4000000 10000000 100000000 200000000 2000000000
80001 100001 2000001 4000001 10000001 40000001 100000001 400000001 1000000001 80002 100002 200002 8000002 80000002 200000002 800000002 1000000002 2000000002 100004 400004 1000004 2000004 4000004 10000004 20000004 100000004 400000004 800000004 2000000004 80008 100008 400008 800008 2000008 4000008 8000008 10000008 80000008 400000008 1000000008 80010 100010 800010 2000010 20000010 40000010 100000010 200000010 400000010 800000010 2000000010 80020 800020 1000020 4000020 8000020 10000020 20000020 40000020 200000020 400000020 80040 100040 4000040 8000040 80000040 100000040 200000040 400000040 800000040 2000000040 80080 100080 200080 800080 1000080 80000080 200000080 2000000080 100100 200100 400100 800100 2000100 4000100 8000100 10000100 20000100 800000100 80200 200200 400200 800200 1000200 20000200 400000200 800000200 1000000200 2000000200 80400 100400 400400 4000400 8000400 10000400 40000400 80000400 200000400 800000400 1000000400 80800 200800 400800 800800 1000800 8000800 10000800 20000800 40000800 100000800 200000800 81000 801000 1001000 4001000 10001000 20001000 40001000 80001000 100001000 200001000 800001000 2000001000 82000 202000 802000 4002000 10002000 20002000 100002000 200002000 800002000 84000 104000 204000 804000 4004000 20004000 100004000 200004000 400004000 1000004000 88000 408000 2008000 40008000 80008000 400008000 800008000 1000008000 110000 810000 1010000 4010000 8010000 40010000 80010000 400010000 1000010000 2000010000 a0000 120000 220000 820000 1020000 4020000 8020000 20020000 40020000 800020000 1000020000 c0000 1040000 2040000 8040000 20040000 40040000 80040000 200040000 800040000 1000040000 2000040000 1 4 8 10 40 80 100 400 800 1000 8000 10000 40000 80000 100000 200000 400000 800000 2000000 4000000 20000000 40000000 200000000 800000000
400001 2000001 4000001 8000001 10000001 20000001 40000001 100000001 200000001 800000001 80002 100002 800002 2000002 40000002 80000002 100000002 400000002 800000002 100004 200004 400004 1000004 2000004 8000004 10000004 20000004 80000004 100000004 400000004 1000000004 80008 100008 200008 400008 800008 1000008 8000008 100010 200010 400010 800010 4000010 8000010 10000010 40000010 80000010 200000010 400000010 800000010 80020 100020 800020 1000020 8000020 80000020 100000020 200000020 400000020 1000000020 80040 100040 200040 400040 1000040 4000040 100000040 200000040 800000040 1000000040 80080 100080 800080 1000080 2000080 10000080 20000080 80000080 800000080 1000000080 2000000080 80100 100100 200100 400100 8000100 10000100 40000100 200000100 100200 400200 800200 1000200 4000200 10000200 20000200 40000200 100000200 200000200 800000200 80400 1000400 2000400 10000400 80000400 100000400 800000400 2000000400 80800 100800 1000800 2000800 4000800 8000800 40000800 100000800 400000800 800000800 1000000800 2000000800 81000 401000 1001000 2001000 8001000 10001000 100001000 800001000 1000001000 202000 402000 802000 1002000 8002000 10002000 20002000 40002000 80002000 200002000 400002000 1000002000 2000002000 84000 804000 8004000 40004000 200004000 1000004000 108000 208000 1008000 8008000 20008000 100008000 400008000 1000008000 110000 210000 410000 810000 2010000 8010000 10010000 200010000 400010000 800010000 120000 820000 2020000 40020000 100020000 400020000 2000020000 140000 440000 2040000 80040000 100040000 200040000 400040000 800040000 2000040000 4 8 10 100 200 800 2000 10000 80000 100000 1000000 2000000 8000000 80000000 100000000 200000000 1000000000
200001 1000001 4000001 20000001 40000001 80000001 200000001 400000001 1000000001 80002 100002 200002 1000002 2000002 4000002 80000002 100000002 200000002 1000000002 80004 400004 800004 1000004 2000004 8000004 10000004 40000004 100000004 1000000004 100008 200008 800008 2000008 8000008 80000008 400000008 800000008 1000000008 2000000008 200010 2000010 8000010 80000010 200000010 400000010 1000000010 80020 100020 200020 400020 1000020 2000020 4000020 40000020 200000020 400000020 80040 100040 400040 800040 2000040 4000040 8000040 20000040 80000040 2000000040 80080 100080 200080 400080 800080 1000080 20000080 40000080 400000080 1000000080 80100 100100 200100 2000100 10000100 20000100 80000100 100000100 2000000100 800200 1000200 4000200 10000200 40000200 200000200 400000200 800000200 2000000200 200400 400400 4000400 10000400 20000400 40000400 80000400 200000400 400000400 1000000400 100800 400800 1000800 4000800 20000800 40000800 80000800 100000800 800000800 1000000800 2000000800 101000 801000 8001000 10001000 20001000 40001000 200001000 400001000 102000 202000 402000 802000 1002000 2002000 4002000 8002000 10002000 80002000 200002000 400002000 1000002000 204000 404000 804000 2004000 4004000 40004000 80004000 100004000 200004000 1000004000 2000004000 88000 108000 408000 808000 4008000 8008000 10008000 20008000 100008000 200008000 800008000 2000008000 90000 110000 210000 410000 810000 1010000 2010000 4010000 8010000 40010000 400010000 800010000 120000 220000 820000 4020000 8020000 20020000 40020000 80020000 100020000 200020000 800020000 1000020000 140000 840000 1040000 2040000 20040000 40040000 200040000 400040000 800040000 2000040000 1 20 80 200 800 1000 4000 8000 10000 20000 40000 80000 100000 400000 800000 10000000 800000000 1000000000 0
200001 400001 800001 1000001 4000001 8000001 40000001 100000001 200000001 800000001 100002 400002 800002 1000002 8000002 10000002 20000002 40000002 400000002 800000002 1000000002 400004 1000004 2000004 4000004 40000004 100000004 1000000004 2000000004 200008 400008 1000008 20000008 80000008 800000008 1000000008 100010 2000010 4000010 20000010 80000010 100000010 400000010 2000000010 80020 100020 800020 1000020 4000020 8000020 10000020 20000020 100000020 200000020 400000020 800000020 1000000020 80040 100040 200040 400040 1000040 2000040 10000040 20000040 100000040 400000040 1000000040 400080 800080 1000080 20000080 40000080 100000080 400000080 800000080 2000000080 200100 1000100 4000100 80000100 100000100 400000100 1000000100 80200 200200 400200 1000200 10000200 80000200 800000200 1000000200 400400 1000400 4000400 10000400 40000400 80000400 100000400 400000400 1000000400 100800 400800 800800 1000800 4000800 20000800 40000800 200000800 800000800 2000000800 81000 401000 2001000 4001000 10001000 40001000 80001000 100001000 200001000 800001000 1000001000 102000 202000 2002000 8002000 10002000 20002000 40002000 80002000 400002000 84000 404000 1004000 8004000 20004000 800004000 2000004000 108000 408000 808000 8008000 10008000 20008000 40008000 100008000 1000008000 210000 810000 40010000 80010000 100010000 200010000 400010000 800010000 1000010000 2000010000 a0000 220000 820000 1020000 8020000 20020000 200020000 400020000 800020000 2000020000 240000 440000 840000 1040000 2040000 8040000 80040000 200040000 1000040000 2000040000 1 2 8 10 40 400 800 1000 8000 40000 100000 400000 1000000 8000000 10000000 80000000 100000000 200000000 800000000 0
80001 200001 400001 1000001 2000001 8000001 40000001 80000001 800000001 1000000001 2000000001 80002 200002 800002 80000002 1000000002 100004 200004 10000004 40000004 100000004 200000004 2000000004 200008 800008 1000008 2000008 4000008 20000008 40000008 100000008 400000008 2000000008 80010 400010 800010 1000010 4000010 8000010 20000010 80000010 100000010 1000000010 2000000010 80020 200020 400020 800020 1000020 2000020 10000020 40000020 80000020 200000020 400000020 2000000020 80040 800040 1000040 4000040 20000040 40000040 100000040 200000040 800000040 200080 400080 800080 8000080 20000080 80000080 800000080 2000000080 80100 100100 1000100 8000100 10000100 20000100 80000100 400000100 2000000100 80200 2000200 4000200 20000200 40000200 100000200 200000200 400000200 2000000200 80400 800400 1000400 2000400 8000400 20000400 100000400 800000400 2000000400 80800 200800 2000800 4000800 8000800 20000800 80000800 100000800 800000800 81000 101000 201000 401000 1001000 4001000 10001000 40001000 80001000 100001000 800001000 202000 402000 802000 4002000 8002000 20002000 40002000 80002000 200002000 400002000 800002000 2000002000 204000 404000 804000 1004000 2004000 4004000 10004000 80004000 100004000 800004000 1000004000 2000004000 208000 408000 808000 1008000 2008000 4008000 10008000 20008000 80008000 200008000 90000 410000 810000 1010000 2010000 8010000 10010000 80010000 100010000 200010000 400010000 800010000 1000010000 2000010000 820000 4020000 8020000 20020000 40020000 80020000 100020000 200020000 800020000 2000020000 c0000 140000 840000 2040000 40040000 200040000 400040000 1000040000 1 4 10 20 40 80 200 10000 20000 40000 80000 200000 800000 1000000 4000000 10000000 80000000 400000000 800000000 1000000000
100001 200001 1000001 8000001 10000001 20000001 80000001 200000001 400000001 800000001 2000000001 80002 100002 10000002 40000002 80000002 100000002 200000002 800000002 80004 200004 800004 8000004 20000004 80000004 800000004 80008 200008 400008 800008 4000008 10000008 40000008 400000008 800000008 1000000008 2000000008 80010 200010 400010 800010 1000010 2000010 4000010 10000010 200000010 800000010 1000000010 2000000010 80020 100020 800020 1000020 4000020 8000020 10000020 20000020 40000020 80000020 100000020 1000000020 2000000020 400040 800040 200000040 400000040 800000040 2000000040 80080 100080 200080 400080 800080 1000080 4000080 8000080 10000080 20000080 400000080 800000080 400100 2000100 10000100 20000100 80000100 400000100 800000100 2000000100 200200 800200 2000200 200000200 1000000200 2000000200 100400 400400 20000400 80000400 100000400 800000400 2000000400 80800 100800 400800 4000800 40000800 80000800 200000800 800000800 1000000800 81000 101000 401000 2001000 4001000 8001000 200001000 400001000 1000001000 82000 102000 202000 402000 802000 1002000 2002000 4002000 40002000 80002000 100002000 800002000 1000002000 2000002000 84000 204000 404000 804000 2004000 10004000 20004000 1000004000 2000004000 208000 408000 808000 1008000 2008000 20008000 100008000 200008000 800008000 1000008000 90000 110000 210000 4010000 8010000 10010000 20010000 40010000 80010000 100010000 400010000 1000010000 1020000 4020000 8020000 10020000 140000 2040000 4040000 8040000 10040000 40040000 200040000 400040000 800040000 1000040000 1 4 200 800 2000 4000 8000 10000 40000 80000 100000 100000000 1000000000 2000000000
200001 800001 1000001 10000001 20000001 40000001 100000001 200000001 1000000001 2000000001 80002 1000002 2000002 4000002 10000002 100000002 400000002 2000000002 80004 100004 200004 2000004 4000004 8000004 20000004 80000004 200000004 800000004 2000000004 200008 400008 1000008 2000008 4000008 8000008 20000008 80000008 100000008 1000000008 2000000008 80010 400010 2000010 20000010 200000010 800000010 2000000010 200020 800020 1000020 2000020 10000020 100000020 200000020 2000000020 80040 400040 1000040 40000040 80000040 200000040 800000040 2000000040 100080 8000080 80000080 100000080 400000080 80100 100100 400100 2000100 10000100 80000100 800000100 1000000100 2000000100 80200 200200 400200 800200 4000200 8000200 10000200 20000200 40000200 80000200 200000200 800000200 1000000200 200400 400400 800400 1000400 4000400 8000400 20000400 80000400 100000400 400000400 1000000400 80800 200800 800800 1000800 8000800 10000800 40000800 80000800 200000800 800000800 1000000800 2000000800 401000 1001000 20001000 40001000 400001000 1000001000 2000001000 802000 8002000 10002000 20002000 40002000 80002000 200002000 2000002000 804000 1004000 8004000 80004000 200004000 800004000 2000004000 208000 1008000 2008000 4008000 8008000 20008000 40008000 80008000 200008000 400008000 800008000 90000 210000 410000 810000 4010000 40010000 100010000 800010000 1000010000 2000010000 220000 1020000 10020000 80020000 200020000 400020000 800020000 2000020000 240000 1040000 8040000 10040000 40040000 100040000 400040000 4 10 20 100 200 400 800 2000 4000 8000 80000 200000 800000 8000000 10000000 20000000 40000000 100000000 800000000 1000000000 0
80001 400001 800001 2000001 4000001 10000001 100000001 200000001 1000000001 2000000001 200002 4000002 8000002 40000002 100000002 200000002 400000002 1000000002 80004 400004 10000004 40000004 100000004 200000004 1000000004 2000000004 80008 1000008 4000008 10000008 40000008 100000008 200000008 1000000008 2000000008 100010 200010 400010 1000010 2000010 4000010 8000010 20000010 40000010 800000010 80020 100020 800020 1000020 4000020 8000020 10000020 20000020 40000020 80000020 100000020 200000020 800000020 1000000020 100040 200040 400040 800040 1000040 8000040 10000040 80000040 400000040 800000040 1000000040 2000000040 80080 100080 400080 800080 2000080 8000080 40000080 80000080 200000080 1000000080 2000000080 80100 100100 200100 400100 800100 2000100 4000100 10000100 20000100 800000100 800200 2000200 8000200 10000200 80000200 100400 800400 1000400 4000400 10000400 20000400 80000400 100000400 200000400 800000400 80800 100800 400800 800800 1000800 4000800 20000800 200000800 400000800 81000 101000 1001000 2001000 4001000 8001000 10001000 20001000 100001000 800001000 1000001000 2000001000 82000 402000 802000 1002000 8002000 40002000 200002000 400002000 2000002000 84000 204000 404000 1004000 2004000 40004000 100004000 2000004000 208000 408000 808000 4008000 8008000 100008000 1000008000 2000008000 90000 210000 1010000 8010000 40010000 80010000 a0000 220000 420000 1020000 2020000 10020000 20020000 40020000 80020000 100020000 200020000 400020000 1000020000 2000020000 c0000 240000 40040000 800040000 2000040000 1 2 8 10 80 100 200 1000 4000 40000 80000 100000 200000 400000 800000 1000000 2000000 4000000 8000000 10000000 40000000 80000000 100000000 200000000 800000000 1000000000 0
100001 200001 1000001 2000001 4000001 8000001 10000001 20000001 40000001 80000001 200000001 400000001 1000000001 2000000001 4000002 8000002 10000002 40000002 80000002 100000002 800000002 2000000002 80004 200004 400004 4000004 8000004 100000004 200000004 400000004 800000004 2000000004 100008 800008 1000008 2000000008 80010 100010 400010 1000010 8000010 10000010 20000010 80000010 2000000010 100020 200020 400020 800020 4000020 20000020 40000020 80000020 100000020 2000000020 200040 400040 1000040 8000040 20000040 40000040 200000040 400000040 1000000040 80080 100080 200080 400080 800080 100000080 200000080 800000080 80100 200100 400100 4000100 8000100 10000100 40000100 80000100 100000100 400000100 800000100 80200 100200 1000200 40000200 2000000200 400400 1000400 10000400 40000400 400000400 1000000400 80800 1000800 4000800 8000800 10000800 40000800 80000800 200000800 1000000800 2000000800 81000 101000 401000 801000 2001000 8001000 10001000 20001000 80001000 100001000 800001000 1000001000 2000001000 82000 102000 4002000 10002000 20002000 200002000 400002000 800002000 1000002000 2000002000 804000 4004000 8004000 20004000 40004000 100004000 400004000 1000004000 88000 408000 1008000 2008000 4008000 40008000 200008000 400008000 800008000 90000 1010000 2010000 40010000 80010000 100010000 400010000 800010000 1000010000 220000 820000 1020000 4020000 10020000 20020000 80020000 100020000 1000020000 2000020000 140000 240000 440000 840000 40040000 800040000 1000040000 1 2 40 80 400 800 1000 10000 20000 80000 200000 1000000 4000000 40000000 200000000 400000000 800000000
80001 200001 20000001 80000001 100000001 400000001 1000000001 2000002 8000002 10000002 20000002 40000002 100000002 200000002 400000002 2000000002 80004 1000004 2000004 4000004 20000004 80000004 800000004 1000000004 100008 400008 800008 2000008 10000008 100000008 200000008 1000000008 2000000008 80010 800010 2000010 4000010 8000010 10000010 20000010 400000010 800000010 80020 100020 1000020 20000020 100000020 200000020 400000020 800000020 80040 400040 800040 1000040 2000040 4000040 8000040 10000040 20000040 40000040 80000040 400000040 1000000040 80080 800080 10000080 40000080 80000080 400000080 800000080 1000000080 2000000080 200100 400100 1000100 4000100 8000100 10000100 20000100 40000100 80000100 100000100 200000100 800000100 1000000100 2000000100 200200 800200 2000200 4000200 80000200 400000200 80400 100400 200400 400400 800400 1000400 2000400 4000400 8000400 100000400 200000400 400000400 800000400 2000000400 100800 200800 400800 800800 4000800 8000800 10000800 200000800 800000800 81000 401000 801000 10001000 20001000 40001000 80001000 1000001000 82000 202000 402000 802000 1002000 4002000 10002000 40002000 80002000 100002000 200002000 400002000 800002000 1000002000 2000002000 104000 804000 1004000 2004000 10004000 80004000 200004000 800004000 1000004000 88000 808000 4008000 10008000 80008000 100008000 200008000 800008000 2000008000 210000 410000 2010000 10010000 100010000 200010000 800010000 2000010000 420000 820000 4020000 8020000 10020000 40020000 1000020000 c0000 140000 240000 440000 2040000 4040000 8040000 10040000 20040000 40040000 80040000 400040000 1000040000 1 4 10 20 80 200 800 1000 2000 4000 8000 20000 80000 200000 800000 1000000 4000000 8000000 20000000 40000000 80000000 200000000 400000000 2000000000 0
100001 200001 400001 800001 1000001 8000001 10000001 20000001 40000001 100000001 200000001 800000001 1000000001 80002 200002 400002 800002 2000002 10000002 80000002 100000002 200000002 400000002 2000000002 200004 2000004 4000004 8000004 10000004 200000004 2000000004 80008 100008 800008 20000008 80000008 200000008 400000008 800000008 2000000008 80010 100010 800010 1000010 20000010 40000010 100000010 200000010 800000010 2000000010 80020 100020 200020 400020 800020 2000020 8000020 800000020 1000000020 80040 100040 2000040 4000040 8000040 10000040 20000040 80080 100080 1000080 2000080 4000080 10000080 80000080 200000080 800000080 1000000080 2000000080 80100 800100 1000100 2000100 8000100 40000100 80000100 100000100 200000100 400000100 1000000100 80200 1000200 2000200 4000200 8000200 20000200 40000200 80000200 200000200 80400 100400 2000400 4000400 8000400 40000400 80000400 800000400 1000000400 2000000400 2000800 8000800 20000800 80000800 400000800 800000800 1000000800 2000000800 401000 801000 2001000 4001000 20001000 40001000 80001000 200001000 82000 202000 1002000 2002000 4002000 8002000 10002000 20002000 100002000 400002000 800002000 2000002000 84000 104000 404000 20004000 100004000 400004000 1000004000 808000 1008000 2008000 8008000 10008000 20008000 40008000 100008000 800008000 2000008000 90000 210000 810000 1010000 2010000 4010000 20010000 40010000 80010000 100010000 400010000 800010000 2000010000 120000 220000 820000 4020000 40020000 100020000 400020000 800020000 1000020000 140000 440000 1040000 8040000 40040000 200040000 400040000 800040000 1 2 4 8 20 40 200 400 800 2000 4000 8000 10000 40000 80000 100000 800000 1000000 2000000 4000000 20000000 40000000 80000000 100000000 800000000 2000000000
80001 100001 200001 1000001 2000001 4000001 20000001 100000001 200000001 800000001 2000000001 80002 200002 800002 1000002 20000002 40000002 80000002 400000002 2000000002 80004 100004 800004 1000004 2000004 4000004 40000004 200000004 800000004 1000000004 200008 400008 800008 1000008 4000008 8000008 40000008 80000008 100000008 400000008 2000000008 1000010 4000010 8000010 40000010 100000010 800000010 1000000010 2000000010 80020 400020 1000020 2000020 4000020 8000020 10000020 20000020 40000020 80000020 1000040 4000040 8000040 10000040 40000040 80000040 200000040 800000040 100080 400080 800080 1000080 20000080 40000080 80000080 200000080 400000080 100100 200100 400100 2000100 4000100 8000100 10000100 40000100 100000100 200000100 800000100 2000000100 80200 200200 800200 2000200 4000200 10000200 80000200 1000000200 80400 100400 400400 4000400 8000400 20000400 80000400 100000400 200000400 100800 200800 400800 2000800 8000800 10000800 40000800 100000800 200000800 800000800 81000 101000 2001000 8001000 10001000 40001000 200001000 1000001000 82000 102000 402000 802000 4002000 8002000 80002000 100002000 400002000 2000002000 84000 404000 804000 1004000 2004000 4004000 40004000 80004000 100004000 88000 108000 408000 2008000 4008000 20008000 40008000 200008000 800008000 110000 410000 810000 1010000 8010000 40010000 400010000 800010000 1000010000 2000010000 120000 220000 820000 1020000 8020000 20020000 40020000 80020000 c0000 240000 840000 2040000 400040000 800040000 1000040000 2 10 40 80 100 200 400 2000 4000 8000 10000 20000 80000 400000 4000000 100000000 400000000 1000000000 0
1000001 2000001 4000001 20000001 40000001 80000001 200000001 400000001 1000000001 2000000001 200002 800002 1000002 2000002 4000002 20000002 400000002 2000000002 80004 800004 80000004 400000004 800000004 2000000004 80008 200008 800008 10000008 400000008 800000008 2000000008 80010 100010 200010 800010 1000010 8000010 20000010 100000010 200000010 800000010 1000000010 2000000010 80020 100020 200020 400020 800020 2000020 4000020 8000020 200000020 400000020 1000000020 80040 200040 2000040 4000040 10000040 20000040 100000040 1000000040 2000080 4000080 8000080 10000080 80000080 100000080 200000080 400000080 800000080 2000000080 100100 200100 800100 1000100 2000100 8000100 400000100 800000100 1000000100 100200 200200 400200 800200 8000200 20000200 80000200 100000200 200000200 1000000200 2000000200 80400 100400 200400 800400 4000400 8000400 40000400 2000000400 100800 800800 1000800 2000800 4000800 10000800 100000800 200000800 400000800 1000000800 201000 2001000 4001000 8001000 20001000 80001000 100001000 1000001000 82000 202000 802000 4002000 10002000 20002000 40002000 80002000 100002000 400002000 800002000 104000 404000 4004000 20004000 80004000 100004000 108000 208000 408000 1008000 2008000 10008000 40008000 80008000 100008000 200008000 800008000 2000008000 110000 810000 1010000 4010000 80010000 200010000 800010000 220000 420000 820000 1020000 2020000 4020000 8020000 10020000 80020000 100020000 200020000 400020000 c0000 140000 240000 840000 2040000 10040000 80040000 400040000 2000040000 1 2 4 40 80 400 2000 4000 8000 20000 200000 2000000 4000000 40000000 100000000 200000000 400000000 0
200001 400001 800001 1000001 4000001 8000001 10000001 40000001 100000001 400000001 1000000001 2000000001 80002 100002 4000002 10000002 20000002 80000002 400000002 800000002 2000000002 80004 100004 200004 1000004 40000004 100000004 800000004 2000000004 80008 100008 200008 400008 1000008 2000008 4000008 10000008 20000008 400000008 800000008 2000000008 80010 100010 400010 4000010 8000010 10000010 80000010 100000010 200000010 400000010 800000010 2000000010 100020 400020 40000020 80000020 100000020 400000020 2000000020 100040 200040 1000040 2000040 4000040 100000040 80080 100080 800080 4000080 8000080 10000080 40000080 200000080 800000080 1000000080 2000000080 80100 100100 800100 8000100 40000100 100000100 800000100 100200 1000200 8000200 10000200 20000200 80000200 400000200 2000000200 80400 100400 200400 400400 4000400 8000400 10000400 40000400 100000400 200000400 400800 2000800 4000800 10000800 80000800 100000800 800000800 2000000800 81000 201000 401000 20001000 40001000 100001000 400001000 800001000 2000001000 82000 102000 402000 2002000 8002000 20002000 100002000 2000002000 84000 1004000 2004000 80004000 100004000 200004000 400004000 800004000 1000004000 88000 108000 208000 408000 2008000 20008000 100008000 200008000 800008000 2000008000 110000 410000 810000 20010000 1000010000 120000 820000 1020000 2020000 8020000 20020000 40020000 80020000 400020000 800020000 1000020000 140000 440000 840000 1040000 2040000 20040000 100040000 200040000 2000040000 1 2 10 20 40 80 400 800 1000 2000 4000 10000 100000 800000 1000000 8000000 10000000 40000000 80000000 100000000 200000000 400000000 2000000000
80001 400001 2000001 8000001 10000001 20000001 40000001 80000001 100000001 200000001 800000001 80002 100002 400002 1000002 8000002 10000002 100000002 2000000002 100004 400004 1000004 4000004 20000004 40000004 80000004 100000004 200000004 800000004 1000000004 2000000004 80008 100008 200008 2000008 4000008 20000008 40000008 80000008 100000008 800010 1000010 2000010 10000010 20000010 40000010 80000010 100000010 400000010 800000010 1000000010 100020 200020 400020 800020 1000000020 400040 800040 100000040 200000040 80080 100080 200080 400080 2000080 10000080 80000080 200000080 1000000080 2000000080 80100 200100 2000100 4000100 20000100 80000100 200000100 400000100 4000200 10000200 20000200 40000200 80000200 100000200 200000200 1000000200 2000000200 400400 1000400 10000400 40000400 100000400 100800 1000800 10000800 80000800 200000800 81000 801000 20001000 40001000 200001000 400001000 2000001000 102000 802000 1002000 4002000 20002000 40002000 100002000 200002000 1000002000 204000 404000 2004000 8004000 40004000 80004000 200004000 800004000 1000004000 2000004000 88000 208000 408000 808000 4008000 8008000 40008000 80008000 400008000 800008000 90000 110000 210000 410000 810000 10010000 100010000 400010000 800010000 1000010000 2000010000 a0000 120000 220000 2020000 4020000 10020000 40020000 100020000 200020000 1000020000 140000 240000 2040000 8040000 20040000 100040000 200040000 400040000 2000040000 1 4 8 40 80 100 200 1000 4000 8000 10000 20000 40000 100000 200000 1000000 2000000 8000000 10000000 40000000 80000000 1000000000 2000000000
80001 100001 400001 1000001 8000001 20000001 100000001 200000001 800000001 1000000001 200002 400002 1000002 4000002 40000002 80000002 100000002 200000002 1000000002 2000000002 80004 200004 1000004 2000004 8000004 10000004 80000004 200000004 400000004 800000004 2000000004 100008 200008 1000008 8000008 40000008 100000008 200000008 800000008 2000000008 80010 100010 200010 4000010 8000010 100000010 200000010 800000010 2000000010 80020 200020 1000020 2000020 4000020 8000020 10000020 40000020 80000020 100000020 400000020 800000020 2000000020 800040 2000040 4000040 10000040 40000040 80000040 200000040 400000040 800000040 2000000040 200080 400080 800080 1000080 40000080 100000080 200000080 800000080 1000000080 2000000080 80100 100100 400100 800100 1000100 8000100 10000100 20000100 80000100 200000100 800000100 2000200 10000200 40000200 200000200 2000000200 80400 100400 200400 10000400 20000400 80000400 100000400 200000400 400000400 2000000400 100800 2000800 20000800 40000800 80000800 200000800 400000800 800000800 81000 201000 1001000 2001000 10001000 20001000 80001000 200001000 400001000 102000 202000 802000 1002000 8002000 40002000 80002000 100002000 200002000 400002000 800002000 2000002000 1004000 2004000 4004000 8004000 10004000 40004000 100004000 200004000 800004000 1000004000 2000004000 88000 808000 1008000 4008000 20008000 40008000 100008000 200008000 210000 410000 810000 1010000 2010000 10010000 20010000 40010000 80010000 100010000 200010000 400010000 800010000 1000010000 2000010000 120000 420000 820000 2020000 4020000 8020000 10020000 20020000 80020000 100020000 200020000 800020000 1000020000 240000 1040000 2040000 8040000 40040000 80040000 100040000 200040000 800040000 1 20 200 800 4000 8000 10000 80000 200000 800000 1000000 4000000 8000000 20000000 40000000 80000000 100000000 200000000 800000000 0
80001 200001 400001 8000001 10000001 20000001 80000001 400000001 800000001 2000000001 400002 2000002 8000002 10000002 40000002 80000002 800000002 1000000002 2000000002 100004 400004 2000004 10000004 20000004 40000004 80000004 100000004 200000004 400000004 800000004 1000000004 80008 100008 200008 400008 10000008 200000008 800000008 1000000008 2000000008 80010 200010 1000010 8000010 10000010 40000010 80000010 200000010 100020 200020 800020 20000020 40000020 200000020 400000020 200040 2000040 4000040 80000040 100000040 200000040 800000040 2000000040 80080 100080 1000080 10000080 20000080 200000080 400000080 1000000080 2000000080 80100 200100 400100 800100 1000100 4000100 8000100 10000100 40000100 100000100 80200 100200 200200 400200 2000200 4000200 40000200 100000200 800000200 1000000200 80400 200400 2000400 20000400 80000400 80800 400800 2000800 4000800 8000800 10000800 40000800 80000800 100000800 1000000800 101000 401000 801000 1001000 2001000 4001000 100001000 200001000 800001000 1000001000 82000 102000 1002000 2002000 8002000 80002000 200002000 800002000 84000 204000 404000 804000 10004000 20004000 40004000 200004000 800004000 2000004000 88000 108000 208000 2008000 8008000 400008000 2000008000 90000 1010000 4010000 8010000 10010000 20010000 40010000 80010000 100010000 200010000 800010000 1000010000 2000010000 120000 220000 420000 8020000 10020000 20020000 40020000 100020000 400020000 2000020000 240000 840000 2040000 8040000 10040000 20040000 200040000 2000040000 1 2 8 10 10000 20000 80000 200000 800000 2000000 8000000 10000000 40000000 80000000 200000000 400000000 1000000000
200001 400001 1000001 4000001 10000001 20000001 200000001 400000001 2000000001 80002 100002 400002 800002 4000002 8000002 20000002 40000002 80000002 400000002 1000000002 200004 800004 1000004 10000004 40000004 80000004 100000004 200000004 400000004 100008 400008 2000008 8000008 10000008 20000008 100000008 800000008 100010 200010 400010 2000010 8000010 800000010 80020 100020 200020 400020 4000020 8000020 80000020 200000020 800000020 1000000020 400040 1000040 2000040 80000040 100000040 800000040 1000000040 400080 800080 20000080 100000080 200000080 400000080 800000080 2000000080 100100 200100 400100 1000100 2000100 4000100 20000100 80000100 400000100 800000100 80200 100200 200200 400200 800200 1000200 10000200 100000200 200000200 400000200 800000200 1000000200 100400 200400 400400 1000400 10000400 80000400 100000400 800000400 1000000400 2000000400 80800 100800 800800 2000800 4000800 8000800 10000800 20000800 40000800 80000800 100000800 400000800 1000000800 81000 201000 10001000 20001000 100001000 200001000 400001000 82000 202000 1002000 2002000 4002000 20002000 40002000 100002000 800002000 84000 404000 804000 1004000 10004000 80004000 100004000 400004000 1000004000 2000004000 88000 408000 1008000 4008000 8008000 10008000 20008000 800008000 410000 4010000 10010000 20010000 40010000 80010000 420000 820000 8020000 20020000 1000020000 2000020000 840000 1040000 10040000 40040000 80040000 1000040000 1 2 8 10 40 200 400 800 4000 8000 10000 40000 200000 400000 1000000 2000000 4000000 20000000 80000000 200000000 400000000 2000000000
100001 200001 400001 800001 1000001 4000001 80000001 400000001 1000000001 2000000001 80002 200002 400002 1000002 2000002 40000002 200000002 400000002 800000002 1000000002 2000000002 200004 400004 800004 2000004 80000004 200000004 800000004 1000000004 100008 200008 400008 800008 8000008 20000008 40000008 80000008 100000008 200000008 1000010 10000010 40000010 100000010 400000010 800000010 1000000010 80020 100020 200020 800020 4000020 10000020 800000020 80040 100040 200040 800040 1000040 8000040 10000040 40000040 100000040 200000040 100080 200080 800080 1000080 4000080 8000080 20000080 80000080 100000080 200000080 80100 200100 400100 800100 2000100 80000100 200000100 800000100 1000000100 2000000100 200200 400200 800200 20000200 200000200 1000000200 80400 100400 200400 400400 800400 1000400 2000400 8000400 10000400 100000400 400000400 800000400 1000000400 2000800 4000800 20000800 200000800 1000000800 2000000800 81000 101000 4001000 40001000 200001000 400001000 2000001000 82000 102000 802000 4002000 8002000 10002000 40002000 80002000 100002000 200002000 204000 404000 804000 1004000 2004000 80004000 800004000 1000004000 2000004000 208000 1008000 2008000 10008000 40008000 80008000 400008000 1000008000 2000008000 210000 410000 810000 4010000 10010000 820000 4020000 8020000 10020000 20020000 40020000 1000020000 140000 240000 4040000 8040000 100040000 1 2 4 8 10 20 100 200 800 1000 4000 8000 80000 100000 400000 8000000 10000000 20000000 40000000 80000000 200000000 800000000 1000000000 0
80001 100001 1000001 2000001 4000001 20000001 40000001 100000001 200000001 400000001 2000000001 100002 400002 1000002 40000002 400000002 2000000002 80004 100004 400004 2000004 8000004 200000004 1000000004 80008 100008 200008 400008 800008 2000008 4000008 10000008 20000008 80000008 200000008 80010 200010 400010 800010 2000010 8000010 10000010 20000010 40000010 100000010 1000000010 2000000010 200020 400020 800020 2000020 4000020 10000020 40000020 80000020 100000020 200000020 400000020 80040 200040 800040 4000040 20000040 40000040 80000040 200000040 400000040 800000040 1000000040 2000000040 80080 800080 1000080 40000080 80000080 100000080 200000080 400000080 1000000080 2000000080 200100 400100 2000100 8000100 10000100 20000100 40000100 200000100 400000100 1000000100 1000200 2000200 4000200 10000200 80000200 2000000200 100400 400400 800400 1000400 2000400 4000400 8000400 10000400 20000400 40000400 2000000400 80800 800800 1000800 2000800 8000800 10000800 40000800 200000800 800000800 81000 101000 201000 1001000 2001000 8001000 20001000 40001000 200001000 400001000 800001000 1000001000 2000001000 202000 402000 2002000 8002000 10002000 100002000 200002000 400002000 1000002000 84000 404000 804000 1004000 2004000 40004000 80004000 100004000 200004000 400004000 800004000 1000004000 2000004000 108000 208000 408000 1008000 2008000 10008000 20008000 40008000 400008000 2000008000 90000 410000 810000 4010000 8010000 10010000 40010000 80010000 100010000 200010000 400010000 800010000 1000010000 a0000 120000 420000 1020000 4020000 8020000 10020000 100020000 200020000 800020000 2000020000 c0000 440000 840000 1040000 2040000 8040000 20040000 80040000 200040000 400040000 1 10 40 80 200 400 4000 20000 80000 200000 800000 4000000 8000000 10000000 80000000 200000000 800000000 2000000000 0
200001 800001 1000001 4000001 10000001 100000001 800000001 1000000001 2000000001 200002 800002 2000002 4000002 10000002 20000002 80000002 1000000002 80004 200004 1000004 2000004 4000004 8000004 20000004 800000004 1000000004 100008 200008 400008 1000008 2000008 10000008 400000008 2000000008 80010 400010 1000010 4000010 20000010 40000010 80000010 200000010 800000010 1000000010 200020 400020 1000020 4000020 8000020 20000020 200000020 400000020 1000000020 100040 400040 800040 1000040 2000040 4000040 40000040 200000040 400000040 800000040 80080 100080 400080 20000080 40000080 100000080 200000080 800000080 1000000080 2000000080 80100 200100 800100 1000100 8000100 40000100 200000100 1000000100 2000000100 80200 100200 200200 800200 1000200 4000200 200000200 400000200 800000200 1000000200 2000000200 100400 400400 2000400 8000400 20000400 40000400 100000400 200000400 1000000400 80800 100800 200800 400800 800800 1000800 20000800 40000800 400000800 800000800 1000000800 81000 201000 801000 1001000 2001000 4001000 8001000 10001000 40001000 80001000 100001000 400001000 800001000 1000001000 2000001000 82000 102000 202000 402000 802000 1002000 2002000 4002000 40002000 800002000 2000002000 84000 104000 404000 804000 1004000 80004000 100004000 400004000 800004000 1000004000 2000004000 208000 408000 808000 1008000 2008000 4008000 8008000 20008000 40008000 80008000 100008000 200008000 90000 210000 2010000 4010000 80010000 a0000 220000 820000 2020000 4020000 20020000 80020000 400020000 800020000 1000020000 c0000 140000 240000 840000 1040000 10040000 40040000 80040000 100040000 400040000 2000040000 1 2 4 10 80 800 4000 8000 200000 400000 1000000 2000000 40000000 400000000 1000000000 2000000000 0
80001 100001 200001 400001 1000001 2000001 8000001 10000001 40000001 100000001 200000001 400000001 1000000001 80002 200002 400002 1000002 2000002 8000002 10000002 40000002 100000002 2000000002 100004 800004 2000004 8000004 20000004 100000004 200000004 1000000004 100008 8000008 20000008 80000008 200000008 400000008 2000000008 400010 800010 1000010 2000010 4000010 20000010 80000010 80020 100020 200020 1000020 4000020 8000020 10000020 80000020 100000020 400000020 80040 100040 400040 2000040 10000040 20000040 80000040 100000040 200000040 800000040 80080 100080 400080 800080 2000080 40000080 80000080 100000080 400000080 100100 400100 10000100 20000100 800000100 1000000100 200200 800200 8000200 20000200 40000200 80000200 100000200 2000000200 80400 100400 200400 400400 800400 10000400 40000400 80000400 100000400 1000000400 200800 800800 1000800 200000800 1000000800 81000 201000 801000 1001000 2001000 10001000 200001000 800001000 1000001000 102000 202000 402000 4002000 20002000 40002000 400002000 1000002000 84000 1004000 4004000 8004000 10004000 100004000 200004000 800004000 1000004000 88000 108000 408000 1008000 2008000 4008000 8008000 10008000 20008000 100008000 400008000 2000008000 90000 10010000 100010000 200010000 400010000 220000 820000 1020000 4020000 8020000 10020000 20020000 400020000 1000020000 2000020000 440000 8040000 40040000 80040000 400040000 800040000 2 4 8 10 40 200 400 800 2000 10000 20000 40000 200000 400000 800000 2000000 4000000 8000000 10000000 40000000 100000000 200000000 800000000
80001 100001 2000001 8000001 20000001 100000001 800000001 1000000001 2000000001 100002 200002 400002 800002 2000002 4000002 20000002 40000002 80000002 100000002 200000002 400000002 800000002 100004 200004 1000004 2000004 10000004 40000004 100000004 400000004 800000004 2000000004 200008 800008 1000008 2000008 8000008 10000008 80000008 100000008 400000008 800000008 1000000008 2000000008 100010 200010 400010 1000010 4000010 8000010 20000010 40000010 100000010 400000010 1000000010 2000000010 100020 4000020 8000020 10000020 800000020 80040 400040 1000040 2000040 4000040 8000040 80000040 100000040 200000040 400000040 2000000040 80080 800080 1000080 80000080 100000080 200000080 400000080 800000080 2000000080 100100 200100 800100 2000100 4000100 8000100 20000100 40000100 200000100 80200 100200 1000200 4000200 8000200 20000200 40000200 100000200 200000200 800000200 80400 400400 800400 10000400 20000400 80000400 80800 100800 200800 400800 1000800 8000800 10000800 20000800 80000800 100000800 400000800 2000000800 101000 201000 401000 801000 4001000 8001000 10001000 20001000 100001000 800001000 1000001000 82000 102000 802000 2002000 4002000 8002000 10002000 20002000 80002000 100002000 800002000 2000002000 404000 4004000 8004000 20004000 40004000 80004000 100004000 1000004000 88000 108000 808000 1008000 8008000 20008000 80008000 200008000 400008000 1000008000 2000008000 210000 410000 810000 1010000 2010000 4010000 8010000 20010000 40010000 200010000 400010000 800010000 1000010000 2000010000 a0000 120000 220000 820000 1020000 4020000 20020000 40020000 80020000 100020000 200020000 400020000 440000 2040000 8040000 80040000 400040000 800040000 2000040000 1 2 8 10 20 40 200 400 2000 8000 40000 80000 100000 400000 800000 1000000 4000000 10000000 20000000 40000000 100000000 200000000 800000000 0
80001 100001 800001 1000001 2000001 8000001 10000001 20000001 2000000001 80002 2000002 8000002 20000002 100000002 80004 800004 4000004 8000004 10000004 100000004 400000004 80008 8000008 20000008 40000008 200000008 1000000008 2000000008 80010 800010 1000010 2000010 8000010 400000010 800000010 80020 100020 400020 800020 1000020 2000020 20000020 200000020 1000000020 80040 100040 800040 1000040 2000040 20000040 80000040 400000040 800000040 100080 200080 800080 1000080 2000080 4000080 10000080 40000080 800000080 1000000080 2000000080 400100 4000100 8000100 10000100 80000100 100000100 400000100 800000100 2000000100 80200 400200 1000200 2000200 4000200 20000200 40000200 800000200 100400 400400 800400 10000400 200000400 400000400 2000000400 200800 2000800 4000800 10000800 20000800 80000800 100000800 200000800 400000800 81000 201000 401000 1001000 4001000 8001000 10001000 20001000 80001000 200001000 400001000 1000001000 2000001000 82000 402000 802000 8002000 20002000 80002000 100002000 200002000 800002000 84000 804000 1004000 2004000 4004000 8004000 80004000 400004000 800004000 1000004000 2000004000 88000 408000 2008000 4008000 10008000 20008000 80008000 800008000 90000 210000 410000 810000 1010000 20010000 100010000 200010000 400010000 1000010000 120000 220000 420000 820000 2020000 4020000 20020000 40020000 80020000 100020000 200020000 800020000 1000020000 140000 440000 840000 1040000 40040000 200040000 400040000 800040000 2000040000 1 2 4 20 400 2000 80000 800000 2000000 4000000 8000000 20000000 100000000 200000000 800000000 2000000000 0
80001 200001 400001 800001 4000001 10000001 40000001 80000001 100000001 400000001 2000000001 80002 100002 1000002 2000002 4000002 10000002 20000002 80000002 100000002 400000002 2000000002 200004 800004 2000004 8000004 10000004 20000004 40000004 80000004 100000004 100008 400008 20000008 40000008 800000008 1000000008 2000000008 100010 200010 400010 1000010 10000010 20000010 40000010 200000010 80020 100020 200020 400020 1000020 8000020 10000020 20000020 40000020 80000020 100000020 200000020 800000020 100040 400040 40000040 80000040 200000040 400000040 800000040 1000000040 80080 100080 800080 1000080 8000080 10000080 40000080 200000080 400000080 1000000080 2000000080 80100 100100 200100 400100 800100 1000100 2000100 4000100 8000100 10000100 20000100 80000100 200000100 400000100 800000100 1000000100 2000000100 80200 200200 400200 2000200 8000200 40000200 100000200 400000200 800000200 1000000200 400400 4000400 10000400 20000400 80000400 100000400 200000400 400000400 1000000400 2000000400 200800 400800 800800 1000800 2000800 4000800 20000800 40000800 200000800 400000800 2000000800 101000 201000 401000 801000 4001000 8001000 20001000 200001000 400001000 800001000 1000001000 2000001000 82000 102000 402000 1002000 2002000 4002000 8002000 20002000 400002000 800002000 1000002000 2000002000 104000 204000 1004000 2004000 4004000 10004000 20004000 40004000 80004000 200004000 400004000 800004000 1000004000 108000 808000 2008000 4008000 400008000 2000008000 90000 110000 410000 810000 8010000 20010000 100010000 200010000 400010000 2000010000 120000 1020000 10020000 20020000 80020000 100020000 400020000 2000020000 c0000 140000 240000 1040000 2040000 8040000 100040000 800040000 1 4 20 80 100 400 800 2000 4000 200000 800000 1000000 2000000 8000000 20000000 40000000 80000000 100000000 200000000 400000000
