40 4
40
400001 800001 1000001 4000001 8000001 10000001 100000001 1000000001 4000000001 8000000001 100002 1000002 2000002 4000002 8000002 10000002 80000002 100000002 200000002 800000002 1000000002 2000000002 8000000002 100004 200004 400004 2000004 4000004 8000004 20000004 40000004 80000004 2000000004 4000000004 8000000004 200008 400008 8000008 400000008 1000000008 2000000008 100010 200010 800010 1000010 2000010 100000010 400000010 800000010 1000000010 2000000010 8000000010 100020 200020 2000020 4000020 8000020 200000020 400000020 2000000020 200040 400040 1000040 10000040 20000040 40000040 80000040 200000040 400000040 1000000040 4000000040 8000000040 200080 10000080 40000080 4000000080 100100 200100 1000100 4000100 10000100 40000100 100000100 200000100 400000100 1000000100 8000000100 100200 400200 2000200 10000200 100000200 200000200 400000200 2000000200 4000000200 800400 1000400 4000400 8000400 10000400 80000400 100000400 200000400 800000400 8000000400 200800 1000800 2000800 4000800 8000800 10000800 20000800 40000800 100000800 1000000800 4000000800 101000 201000 1001000 2001000 8001000 40001000 80001000 200001000 800001000 8000001000 202000 402000 4002000 100002000 200002000 400002000 2000002000 104000 4004000 10004000 40004000 80004000 100004000 800004000 2000004000 4000004000 8000004000 808000 4008000 8008000 20008000 40008000 100008000 200008000 800008000 2000008000 810000 1010000 4010000 10010000 100010000 200010000 400010000 800010000 1000010000 4000010000 8000010000 120000 420000 4020000 8020000 10020000 80020000 100020000 200020000 400020000 1000020000 4000020000 8000020000 240000 440000 840000 1040000 2040000 4040000 10040000 40040000 100040000 400040000 800040000 2000040000 4000040000 8000040000 180000 280000 880000 4080000 8080000 10080000 20080000 40080000 80080000 200080000 800080000 2000080000 4000080000 8000080000 1 4 10 100 200 400 1000 2000 8000 200000 400000 1000000 4000000 10000000 20000000 800000000 4000000000 0
100001 8000001 80000001 100000001 400000001 8000000001 400002 800002 10000002 40000002 80000002 800000002 1000000002 8000000002 400004 800004 1000004 2000004 10000004 20000004 40000004 100000004 100008 200008 400008 1000008 4000008 8000008 20000008 80000008 100000008 1000000008 4000000008 8000000008 200010 400010 800010 2000010 4000010 10000010 40000010 80000010 400000010 800000010 1000000010 8000000010 100020 800020 1000020 80000020 400000020 800000020 8000000020 100040 1000040 8000040 10000040 80000040 100000040 200000040 400000040 1000000040 2000000040 8000000040 100080 200080 4000080 8000080 40000080 80000080 400000080 800000080 1000000080 2000000080 8000000080 100100 200100 800100 1000100 2000100 4000100 20000100 200000100 400000100 200200 800200 1000200 2000200 4000200 8000200 10000200 20000200 40000200 80000200 8000000200 200400 400400 800400 2000400 8000400 20000400 80000400 100000400 200000400 800000400 1000000400 2000000400 200800 2000800 4000800 40000800 80000800 100000800 200000800 400000800 2000000800 4000000800 201000 401000 4001000 8001000 40001000 80001000 400001000 1000001000 4000001000 102000 402000 802000 2002000 4002000 10002000 20002000 80002000 100002000 800002000 8000002000 104000 804000 1004000 2004000 4004000 8004000 20004000 80004000 200004000 400004000 8000004000 208000 20008000 40008000 100008000 200008000 1000008000 2000008000 4000008000 810000 4010000 8010000 40010000 80010000 100010000 1000010000 4000010000 120000 420000 820000 2020000 8020000 200020000 400020000 4000020000 140000 240000 8040000 10040000 80040000 200040000 400040000 800040000 480000 1080000 2080000 4080000 8080000 100080000 400080000 1000080000 4000080000 1 2 10 400 800 8000 100000 200000 400000 2000000 8000000 10000000 20000000 80000000 100000000 400000000 8000000000 0
200001 400001 8000001 20000001 100000001 400000001 4000000001 8000000001 200002 2000002 80000002 1000000002 4000000002 200004 1000004 10000004 20000004 80000004 200000004 800000004 4000000004 200008 400008 800008 2000008 20000008 80000008 200000008 800000008 2000000008 4000000008 8000000008 100010 400010 800010 100000010 200000010 400000010 800000010 4000000010 8000000010 100020 400020 1000020 8000020 10000020 20000020 40000020 80000020 100000020 400000020 800000020 2000000020 8000000020 400040 800040 20000040 40000040 80000040 200000040 1000000040 2000000040 8000000040 100080 200080 800080 1000080 2000080 4000080 40000080 100000080 200000080 100100 400100 800100 1000100 2000100 4000100 8000100 20000100 40000100 80000100 800000100 1000000100 8000000100 400200 1000200 40000200 800000200 1000000200 8000000200 100400 4000400 8000400 80000400 100000400 200000400 400000400 1000000400 100800 200800 400800 2000800 4000800 10000800 40000800 200000800 1000000800 8000000800 101000 201000 801000 2001000 4001000 10001000 20001000 100001000 200001000 400001000 8000001000 402000 1002000 2002000 4002000 40002000 80002000 100002000 200002000 800002000 2000002000 104000 404000 1004000 4004000 10004000 40004000 80004000 100004000 400004000 800004000 1000004000 4000004000 408000 808000 8008000 20008000 40008000 800008000 1000008000 4000008000 810000 2010000 4010000 8010000 20010000 40010000 80010000 100010000 200010000 2000010000 4000010000 120000 820000 8020000 10020000 20020000 80020000 200020000 400020000 800020000 1000020000 2000020000 4000020000 8000020000 140000 240000 840000 8040000 20040000 40040000 100040000 200040000 1000040000 2000040000 4000040000 8000040000 180000 280000 1080000 2080000 4080000 10080000 20080000 40080000 100080000 200080000 400080000 1000080000 2000080000 4000080000 8000080000 1 4 10 40 80 200 400 800 1000 2000 8000 400000 2000000 8000000 10000000 20000000 40000000 100000000 800000000 2000000000 0
1000001 4000001 20000001 40000001 1000000001 200002 800002 1000002 10000002 40000002 80000002 100000002 200000002 400000002 800000002 2000000002 200004 1000004 4000004 10000004 20000004 40000004 80000004 100000004 200000004 1000000004 2000000004 100008 1000008 20000008 40000008 80000008 200000008 800000008 1000000008 4000000008 200010 1000010 4000010 8000010 10000010 80000010 100000010 200000010 400000010 800000010 1000000010 2000000010 4000000010 100020 200020 400020 800020 4000020 20000020 80000020 400000020 800000020 1000000020 4000000020 100040 200040 400040 800040 40000040 80000040 200000040 800000040 4000000040 8000000040 100080 4000080 200000080 8000000080 400100 2000100 4000100 8000100 10000100 40000100 80000100 200000100 800000100 1000000100 8000000100 100200 800200 2000200 4000200 8000200 10000200 40000200 80000200 100000200 2000000200 200400 400400 800400 1000400 2000400 4000400 8000400 10000400 800000400 2000000400 4000000400 400800 1000800 10000800 40000800 80000800 400000800 800000800 1000000800 4000000800 8000000800 401000 20001000 80001000 100001000 400001000 800001000 1000001000 2000001000 4000001000 402000 802000 10002000 20002000 40002000 80002000 200002000 400002000 800002000 1000002000 4000002000 8000002000 104000 204000 404000 804000 1004000 2004000 4004000 8004000 20004000 200004000 800004000 2000004000 4000004000 108000 4008000 20008000 80008000 200008000 800008000 1000008000 8000008000 110000 210000 2010000 8010000 10010000 400010000 800010000 1000010000 4000010000 8000010000 820000 2020000 4020000 10020000 20020000 40020000 1000020000 8000020000 140000 240000 440000 1040000 2040000 4040000 10040000 2000040000 4000040000 280000 880000 1080000 2080000 4080000 10080000 100080000 200080000 4000080000 8000080000 4 8 20 100 8000 20000 80000 100000 200000 800000 2000000 4000000 10000000 80000000 200000000 400000000 4000000000 8000000000 0
2000001 8000001 10000001 20000001 40000001 200000001 400000001 1000000001 8000000001 4000002 20000002 2000000002 4000000002 400004 800004 1000004 2000004 200000004 400000004 100008 200008 400008 2000008 4000008 10000008 40000008 100000008 400000008 800000008 8000000008 200010 400010 1000010 2000010 4000010 8000010 10000010 20000010 40000010 200000010 1000000010 200020 1000020 4000020 10000020 20000020 80000020 800000020 1000000020 2000000020 8000000020 100040 200040 1000040 8000040 20000040 200000040 400000040 800000040 2000000040 4000000040 8000000040 200080 400080 800080 1000080 8000080 400000080 800000080 2000000080 800100 2000100 10000100 20000100 80000100 100000100 200000100 800000100 2000000100 4000000100 200200 800200 1000200 4000200 20000200 200000200 400000200 1000000200 8000000200 200400 400400 800400 2000400 8000400 10000400 80000400 200000400 400000400 1000000400 4000000400 400800 4000800 100000800 400000800 4000000800 8000000800 101000 201000 1001000 2001000 4001000 20001000 400001000 2000001000 8000001000 102000 202000 2002000 4002000 8002000 20002000 100002000 800002000 1000002000 8000002000 104000 204000 2004000 8004000 40004000 80004000 100004000 400004000 2000004000 4000004000 108000 208000 408000 808000 2008000 4008000 20008000 40008000 800008000 1000008000 110000 210000 410000 4010000 8010000 10010000 80010000 100010000 400010000 1000010000 2000010000 8000010000 120000 220000 420000 2020000 20020000 1000020000 2000020000 4000020000 140000 4040000 10040000 20040000 100040000 200040000 1000040000 4000040000 8000040000 480000 1080000 4080000 10080000 20080000 400080000 1000080000 2 8 10 20 40 800 4000 20000 100000 200000 8000000 10000000 80000000 200000000 1000000000 2000000000 4000000000 0
200001 200000001 800000001 2000000001 4000000001 400002 8000002 10000002 20000002 40000002 200000002 400000002 800000002 1000000002 4000000002 8000000002 400004 800004 2000004 4000004 8000004 80000004 800000004 1000000004 2000000004 8000000004 200008 400008 4000008 8000008 80000008 800000008 1000000008 2000000008 4000000008 8000000008 400010 2000010 10000010 20000010 200000010 800000010 4000000010 200020 800020 1000020 20000020 40000020 80000020 100000020 200000020 800000020 200040 400040 2000040 8000040 20000040 40000040 80000040 100000040 200000040 400000040 800000040 2000000040 100080 200080 2000080 4000080 8000080 10000080 20000080 40000080 80000080 100000080 400000080 800000080 1000000080 100100 200100 800100 8000100 20000100 80000100 100000100 200000100 400000100 2000000100 8000000100 100200 400200 800200 1000200 10000200 20000200 40000200 100000200 200000200 400000200 800000200 1000000200 4000000200 8000000200 100400 800400 1000400 8000400 10000400 20000400 80000400 200000400 400000400 800000400 2000000400 100800 200800 400800 2000800 4000800 8000800 200000800 400000800 800000800 1000000800 2000000800 8000000800 101000 201000 401000 801000 1001000 8001000 10001000 80001000 1000001000 2000001000 4000001000 102000 202000 402000 8002000 80002000 100002000 200002000 800002000 2000002000 4000002000 8000002000 104000 804000 1004000 8004000 10004000 20004000 40004000 200004000 400004000 2000004000 408000 1008000 4008000 8008000 10008000 40008000 80008000 100008000 200008000 400008000 800008000 810000 1010000 8010000 200010000 1000010000 2000010000 4000010000 8000010000 220000 420000 8020000 10020000 20020000 80020000 400020000 800020000 1000020000 4000020000 8000020000 240000 4040000 10040000 20040000 40040000 80040000 400040000 1000040000 4000040000 180000 480000 2080000 4080000 8080000 20080000 40080000 4000080000 8000080000 20 80 400 4000 8000 20000 40000 200000 400000 1000000 2000000 8000000 10000000 20000000 40000000 80000000 100000000 400000000 2000000000 4000000000 8000000000
100001 200001 8000001 10000001 20000001 40000001 100000001 200000001 800000001 1000000001 4000000001 100002 200002 800002 1000002 2000002 8000002 40000002 400000002 100004 200004 800004 1000004 2000004 4000004 100000004 400000004 800000004 1000000004 4000000004 8000000004 200008 400008 1000008 2000008 4000008 8000008 20000008 40000008 100000008 400000008 800000008 1000000008 2000000008 8000000008 400010 800010 2000010 4000010 8000010 100000010 400000010 4000000010 8000000010 100020 400020 1000020 2000020 4000020 10000020 40000020 80000020 8000000020 400040 800040 1000040 2000040 8000040 40000040 100000040 1000000040 2000000040 4000000040 8000000040 100080 200080 400080 800080 1000080 4000080 40000080 100000080 400000080 800000080 2000000080 100100 200100 800100 1000100 2000100 4000100 40000100 200000100 800000100 1000000100 2000000100 8000000100 400200 800200 4000200 8000200 10000200 40000200 200000200 400000200 800000200 2000000200 8000000200 100400 200400 400400 800400 2000400 4000400 8000400 10000400 20000400 100000400 2000000400 8000000400 200800 8000800 80000800 800000800 2000000800 4000000800 101000 401000 4001000 8001000 100001000 2000001000 4000001000 8000001000 202000 1002000 2002000 4002000 8002000 20002000 40002000 400002000 800002000 8000002000 804000 1004000 2004000 4004000 10004000 20004000 40004000 80004000 400004000 800004000 2000004000 4000004000 8000004000 208000 408000 4008000 8008000 10008000 20008000 40008000 80008000 400008000 800008000 2000008000 8000008000 210000 2010000 4010000 8010000 80010000 100010000 200010000 800010000 2000010000 120000 420000 1020000 8020000 10020000 40020000 80020000 100020000 200020000 800020000 1000020000 8000020000 440000 840000 1040000 2040000 8040000 40040000 80040000 100040000 400040000 2000040000 4000040000 180000 4080000 10080000 20080000 80080000 200080000 400080000 1000080000 2000080000 4000080000 8000080000 1 4 100 200 400 2000 40000 800000 1000000 2000000 4000000 10000000 20000000 40000000 80000000 100000000 200000000 1000000000 2000000000 4000000000 8000000000 0
100001 1000001 2000001 4000001 10000001 40000001 100000001 400000001 8000000001 100002 400002 800002 400000002 800000002 2000000002 8000000002 200004 400004 800004 4000004 8000004 20000004 40000004 200000004 400000004 200008 400008 800008 1000008 2000008 8000008 80000008 100000008 400000008 1000000008 2000000008 4000000008 1000010 2000010 8000010 10000010 20000010 40000010 100000010 200000010 800000010 4000000010 8000000010 100020 200020 400020 800020 2000020 20000020 40000020 80000020 400000020 800000020 8000000020 1000040 4000040 10000040 40000040 800000040 4000000040 8000000040 100080 2000080 4000080 8000080 100000080 400000080 2000000080 4000000080 8000000080 100100 400100 80000100 100000100 800000100 1000000100 2000000100 4000000100 100200 200200 400200 800200 1000200 4000200 10000200 40000200 80000200 100000200 400000200 800000200 2000000200 4000000200 100400 400400 4000400 10000400 200000400 1000000400 4000000400 8000000400 100800 200800 400800 2000800 4000800 8000800 20000800 800000800 2000000800 4000000800 8000000800 201000 801000 2001000 4001000 8001000 40001000 80001000 4000001000 202000 802000 2002000 8002000 100002000 400002000 4000002000 8000002000 104000 404000 804000 2004000 4004000 20004000 40004000 80004000 100004000 800004000 4000004000 8000004000 408000 808000 1008000 2008000 10008000 200008000 400008000 800008000 8000008000 110000 410000 1010000 100010000 400010000 4000010000 120000 820000 4020000 8020000 10020000 20020000 40020000 100020000 200020000 400020000 800020000 4000020000 240000 840000 1040000 4040000 8040000 10040000 40040000 200040000 800040000 1000040000 4000040000 8000040000 880000 10080000 80080000 200080000 800080000 1000080000 2000080000 8000080000 1 8 10 20 100 200 400 800 1000 2000 20000 400000 4000000 8000000 10000000 100000000 200000000 400000000 800000000 1000000000 2000000000 4000000000
1000001 8000001 40000001 100000001 200000001 400000001 1000000001 2000000001 100002 200002 400002 1000002 2000002 4000002 8000002 10000002 20000002 80000002 100000002 200000002 2000000002 4000000002 8000000002 800004 1000004 8000004 20000004 40000004 200000004 400000004 1000000004 2000000004 100008 200008 800008 4000008 8000008 40000008 2000000008 4000000008 8000000008 100010 200010 800010 1000010 2000010 40000010 100000010 400000010 800000010 8000000010 400020 1000020 2000020 4000020 8000020 10000020 80000020 100000020 200000020 400000020 800000020 4000000020 8000000020 1000040 2000040 4000040 10000040 40000040 80000040 100000040 8000000040 200080 400080 4000080 8000080 10000080 20000080 100000080 100100 200100 400100 4000100 10000100 40000100 800000100 100200 400200 2000200 4000200 8000200 10000200 20000200 40000200 80000200 400000200 800000200 2000000200 8000000200 100400 200400 400400 2000400 4000400 40000400 80000400 100000400 400000400 800000400 4000000400 8000000400 1000800 2000800 8000800 40000800 100000800 2000000800 4000000800 8000000800 201000 401000 1001000 4001000 20001000 100001000 200001000 800001000 1000001000 4000001000 8000001000 102000 202000 1002000 4002000 20002000 40002000 100002000 200002000 2000002000 4000002000 8000002000 404000 804000 2004000 4004000 10004000 80004000 100004000 200004000 4000004000 4008000 20008000 100008000 200008000 4000008000 210000 410000 810000 4010000 20010000 40010000 100010000 200010000 400010000 2000010000 8000010000 220000 420000 1020000 2020000 8020000 40020000 80020000 100020000 400020000 240000 440000 840000 2040000 8040000 10040000 20040000 40040000 80040000 200040000 800040000 2000040000 8000040000 180000 280000 1080000 80080000 100080000 1000080000 2000080000 4000080000 8 20 40 80 200 400 1000 2000 4000 10000 40000 400000 800000 1000000 10000000 80000000 200000000 400000000 1000000000 8000000000
400001 800001 1000001 8000001 10000001 20000001 40000001 80000001 200000001 4000000001 8000000001 400002 2000002 8000002 10000002 20000002 80000002 100000002 200000002 800000002 2000000002 100004 1000004 8000004 10000004 800000004 2000000004 8000000004 200008 1000008 2000008 8000008 10000008 40000008 400000008 400010 800010 2000010 8000010 40000010 100000010 200000010 800000010 8000000010 200020 800020 8000020 20000020 40000020 100000020 200000020 400000020 2000000020 2000040 4000040 10000040 20000040 40000040 100000040 400000040 800000040 1000000040 8000000040 100080 800080 40000080 80000080 100000080 800000080 1000000080 2000000080 200100 400100 1000100 2000100 4000100 8000100 10000100 40000100 200000100 800000100 4000000100 8000000100 800200 1000200 8000200 10000200 20000200 40000200 200000200 2000000200 8000000200 200400 800400 1000400 2000400 4000400 8000400 10000400 20000400 80000400 100000400 4000000400 100800 200800 400800 800800 1000800 4000800 10000800 20000800 80000800 100000800 800000800 4000000800 101000 801000 1001000 4001000 10001000 20001000 40001000 800001000 1000001000 2000001000 4000001000 202000 402000 10002000 20002000 100002000 800002000 2000002000 4000002000 8000002000 804000 1004000 2004000 4004000 20004000 80004000 100004000 800004000 4000004000 8000004000 108000 808000 1008000 10008000 80008000 100008000 200008000 400008000 800008000 1000008000 2000008000 4000008000 8000008000 810000 4010000 40010000 80010000 100010000 200010000 800010000 4000010000 8000010000 120000 820000 1020000 8020000 20020000 40020000 100020000 200020000 1000020000 4000020000 240000 440000 20040000 40040000 200040000 2000040000 8000040000 280000 880000 1080000 4080000 10080000 20080000 40080000 100080000 800080000 4 8 80 400 20000 40000 80000 100000 200000 400000 800000 20000000 200000000 800000000 1000000000 2000000000 0
400001 800001 4000001 10000001 40000001 400000001 1000000001 4000000001 100002 800002 2000002 8000002 10000002 20000002 80000002 100000002 200000002 1000000002 2000000002 4000000002 8000000002 100004 8000004 10000004 20000004 800000004 1000000004 2000000004 4000000004 8000000004 100008 200008 400008 800008 4000008 20000008 40000008 200000008 800000008 100010 200010 800010 1000010 2000010 4000010 8000010 20000010 100000010 200000010 400000010 800000010 1000000010 4000000010 100020 1000020 2000020 4000020 8000020 10000020 20000020 40000020 400000020 1000000020 8000000020 100040 400040 1000040 4000040 10000040 40000040 80000040 400000040 800000040 4000000040 400080 800080 2000080 10000080 80000080 100000080 400000080 800000080 4000000080 8000000080 1000100 2000100 4000100 8000100 20000100 100000100 1000000100 2000000100 100200 800200 4000200 10000200 40000200 80000200 800000200 200400 2000400 4000400 8000400 10000400 40000400 80000400 200000400 400000400 800000400 1000000400 8000000400 100800 800800 2000800 4000800 8000800 80000800 100000800 800000800 8000000800 201000 801000 2001000 10001000 80001000 400001000 800001000 1000001000 2000001000 8000001000 102000 402000 802000 1002000 10002000 20002000 100002000 2000002000 8000002000 104000 1004000 4004000 20004000 40004000 80004000 2000004000 4000004000 8000004000 108000 208000 2008000 8008000 20008000 100008000 200008000 800008000 1000008000 4000008000 110000 210000 410000 2010000 8010000 20010000 100010000 800010000 1000010000 4000010000 220000 420000 1020000 2020000 8020000 10020000 20020000 40020000 100020000 800020000 1000020000 4000020000 2040000 8040000 100040000 800040000 1000040000 4000040000 280000 480000 880000 2080000 8080000 10080000 20080000 40080000 80080000 400080000 1000080000 2000080000 8000080000 1 8 10 20 40 80 200 2000 4000 10000 40000 100000 400000 800000 4000000 10000000 20000000 100000000 4000000000 8000000000
100001 200001 400001 800001 1000001 4000001 8000001 200000001 800000001 2000000001 8000000001 100002 400002 1000002 4000002 20000002 100000002 400000002 4000000002 8000000002 100004 400004 1000004 2000004 20000004 80000004 100000004 200000004 1000000004 8000000004 400008 2000008 10000008 20000008 400000008 1000000008 4000000008 200010 1000010 8000010 10000010 40000010 80000010 400000010 800000010 4000000010 100020 400020 800020 4000020 8000020 20000020 100000020 800000020 1000000020 2000000020 400040 800040 20000040 40000040 400000040 800000040 1000000040 8000000040 400080 800080 8000080 10000080 20000080 40000080 80000080 100000080 1000000080 2000000080 8000000080 100100 200100 400100 1000100 2000100 4000100 8000100 40000100 200000100 2000000100 100200 200200 400200 800200 4000200 8000200 80000200 800000200 2000000200 4000000200 8000000200 200400 400400 800400 1000400 2000400 4000400 20000400 80000400 100000400 200000400 400000400 800000400 1000000400 4000000400 100800 200800 800800 4000800 40000800 100000800 200000800 4000000800 201000 4001000 8001000 10001000 40001000 200001000 800001000 1000001000 102000 202000 402000 802000 2002000 4002000 8002000 40002000 80002000 200002000 400002000 800002000 2000002000 104000 204000 1004000 8004000 10004000 20004000 40004000 80004000 100004000 800004000 2000004000 8000004000 2008000 4008000 10008000 40008000 800008000 8000008000 110000 1010000 2010000 8010000 10010000 20010000 40010000 80010000 200010000 400010000 1000010000 2000010000 4000010000 8000010000 220000 420000 1020000 8020000 10020000 100020000 200020000 800020000 1000020000 2000020000 4000020000 8000020000 240000 1040000 2040000 8040000 20040000 200040000 400040000 800040000 1000040000 4000040000 8000040000 180000 880000 1080000 2080000 8080000 40080000 200080000 400080000 2000080000 4000080000 8000080000 2 8 10 20 80 100 400 1000 4000 20000 400000 4000000 10000000 20000000 40000000 100000000 200000000 800000000 1000000000 4000000000 8000000000 0
100001 800001 1000001 2000001 4000001 10000001 40000001 80000001 400000001 1000000001 4000000001 8000000001 800002 10000002 40000002 80000002 800000002 800004 2000004 8000004 40000004 100000004 800000004 100008 400008 2000008 4000008 10000008 80000008 100000008 400000008 2000000008 4000000008 100010 800010 1000010 4000010 20000010 40000010 80000010 100000010 200000010 400000010 1000000010 4000000010 8000000010 200020 800020 1000020 2000020 8000020 10000020 20000020 40000020 80000020 100000020 200000020 800000020 2000000020 800040 1000040 2000040 4000040 8000040 10000040 20000040 40000040 80000040 100000040 200000040 400000040 800000040 4000000040 100080 400080 800080 1000080 2000080 4000080 10000080 20000080 80000080 800000080 100100 1000100 8000100 10000100 20000100 40000100 800000100 1000000100 2000000100 8000000100 400200 800200 1000200 4000200 20000200 40000200 80000200 200000200 800000200 8000000200 200400 400400 40000400 80000400 100000400 400000400 800000400 2000000400 4000000400 8000000400 400800 800800 2000800 4000800 10000800 20000800 40000800 80000800 100000800 800000800 1000000800 2000000800 4000000800 8000000800 401000 801000 2001000 80001000 100001000 400001000 800001000 1000001000 2000001000 8000001000 102000 202000 402000 802000 4002000 10002000 100002000 200002000 404000 804000 1004000 8004000 10004000 20004000 80004000 2000004000 4000004000 108000 208000 408000 808000 4008000 20008000 40008000 80008000 100008000 800008000 1000008000 2000008000 110000 210000 410000 810000 1010000 2010000 20010000 80010000 200010000 400010000 800010000 2000010000 220000 820000 4020000 200020000 1000020000 8000020000 240000 20040000 80040000 100040000 400040000 1000040000 280000 480000 1080000 2080000 20080000 80080000 200080000 400080000 800080000 1000080000 8000080000 2 4 8 10 20 40 80 400 800 1000 4000 8000 20000 40000 200000 400000 800000 2000000 8000000 100000000 400000000 1000000000 4000000000
1000001 2000001 8000001 10000001 400000001 8000000001 100002 200002 400002 800002 8000002 10000002 20000002 200000002 400000002 800000002 2000000002 8000000002 100004 200004 400004 800004 2000004 8000004 40000004 100000004 200000004 1000000004 8000000004 200008 400008 1000008 2000008 4000008 10000008 400000008 4000000008 100010 200010 400010 4000010 20000010 100000010 200000010 800000010 1000000010 4000000010 8000000010 800020 2000020 40000020 1000000020 2000000020 200040 1000040 4000040 10000040 20000040 40000040 200000040 400000040 4000000040 8000000040 800080 1000080 2000080 10000080 200000080 400000080 4000000080 8000000080 100100 200100 800100 1000100 2000100 4000100 20000100 80000100 800000100 1000000100 2000000100 8000000100 100200 200200 1000200 2000200 8000200 400000200 8000000200 2000400 4000400 8000400 40000400 100000400 1000000400 1000800 2000800 1000000800 4000000800 8000000800 201000 2001000 4001000 800001000 1000001000 2000001000 8000001000 402000 802000 1002000 2002000 4002000 8002000 40002000 80002000 200002000 400002000 2000002000 8000002000 204000 404000 4004000 8004000 20004000 80004000 100004000 200004000 400004000 800004000 2000004000 4000004000 108000 208000 408000 1008000 2008000 10008000 20008000 40008000 80008000 200008000 400008000 800008000 8000008000 110000 410000 2010000 4010000 8010000 10010000 80010000 100010000 200010000 800010000 1000010000 2000010000 120000 220000 420000 820000 1020000 4020000 40020000 80020000 200020000 400020000 2000020000 4000020000 240000 840000 1040000 2040000 10040000 20040000 200040000 400040000 800040000 2000040000 8000040000 280000 480000 1080000 2080000 80080000 100080000 200080000 400080000 1000080000 2000080000 4000080000 8000080000 1 2 20 40 80 200 400 2000 8000 20000 80000 400000 800000 2000000 8000000 10000000 40000000 80000000 200000000 800000000 1000000000 4000000000
200001 1000001 2000001 10000001 20000001 100000001 2000000001 8000000001 100002 200002 800002 1000002 2000002 10000002 20000002 40000002 200000002 1000000002 2000000002 8000000002 100004 1000004 8000004 40000004 200000004 800000004 1000000004 8000000004 100008 200008 400008 2000008 4000008 8000008 10000008 40000008 80000008 800000008 1000000008 2000000008 400010 800010 2000010 8000010 10000010 20000010 40000010 80000010 200000010 400000010 800000010 2000000010 800020 8000020 10000020 20000020 100000020 200000020 400000020 800000020 2000000020 8000000020 100040 200040 400040 800040 8000040 40000040 200000040 400000040 1000000040 200080 400080 10000080 40000080 400000080 1000000080 2000000080 100100 800100 8000100 40000100 100000100 400000100 8000000100 800200 4000200 8000200 10000200 80000200 100000200 800000200 2000000200 4000000200 8000000200 100400 200400 800400 2000400 4000400 8000400 10000400 80000400 200000400 800000400 4000000400 200800 400800 1000800 2000800 4000800 8000800 20000800 40000800 80000800 100000800 400000800 800000800 4000000800 8000000800 201000 401000 801000 1001000 2001000 10001000 20001000 40001000 100001000 200001000 1000001000 8000001000 202000 802000 1002000 2002000 4002000 8002000 100002000 200002000 1000002000 2000002000 4000002000 104000 204000 804000 2004000 4004000 10004000 40004000 80004000 400004000 800004000 4000004000 108000 408000 808000 1008000 4008000 8008000 40008000 80008000 100008000 200008000 2000008000 4000008000 8000008000 110000 410000 1010000 2010000 4010000 10010000 20010000 200010000 1000010000 4000010000 8000010000 120000 220000 420000 4020000 10020000 20020000 40020000 80020000 100020000 200020000 4000020000 8000020000 140000 240000 440000 2040000 8040000 40040000 800040000 1000040000 8000040000 280000 480000 1080000 4080000 8080000 40080000 80080000 100080000 200080000 800080000 2000080000 8000080000 2 40 80 100 200 800 1000 20000 40000 80000 100000 200000 400000 800000 1000000 2000000 4000000 8000000 10000000 20000000 80000000 100000000 200000000 2000000000 8000000000
200001 8000001 20000001 800000001 4000000001 100002 800002 1000002 8000002 20000002 40000002 100000002 400000002 1000000002 8000000002 100004 200004 800004 1000004 2000004 10000004 20000004 80000004 2000000004 8000000004 2000008 8000008 20000008 100000008 100010 200010 2000010 4000010 8000010 10000010 100000010 400000010 800000010 1000000010 400020 800020 2000020 4000020 8000020 10000020 20000020 40000020 800000020 1000000020 4000000020 8000000020 100040 200040 1000040 10000040 20000040 40000040 100000040 400000040 800000040 2000000040 400080 800080 1000080 4000080 100000080 400000080 1000000080 4000000080 8000000080 100100 200100 400100 800100 1000100 200000100 1000000100 2000000100 4000000100 200200 400200 2000200 4000200 8000200 10000200 20000200 400000200 2000000200 200400 400400 1000400 8000400 10000400 20000400 80000400 400000400 2000000400 4000000400 400800 800800 4000800 80000800 100000800 1000000800 4000000800 201000 401000 1001000 4001000 8001000 400001000 800001000 8000001000 102000 402000 802000 2002000 4002000 10002000 20002000 80002000 100002000 200002000 800002000 2000002000 4000002000 104000 1004000 4004000 20004000 80004000 200004000 4000004000 8000004000 208000 808000 2008000 8008000 40008000 100008000 400008000 1000008000 4000008000 110000 210000 810000 10010000 20010000 40010000 80010000 100010000 200010000 400010000 4000010000 120000 1020000 10020000 20020000 40020000 80020000 200020000 400020000 2000020000 4000020000 140000 1040000 2040000 4040000 8040000 10040000 20040000 2000040000 4000040000 180000 480000 880000 1080000 2080000 4080000 100080000 400080000 2000080000 8000080000 8 80 100 800 1000 8000 10000 20000 40000 100000 200000 400000 1000000 2000000 4000000 8000000 10000000 20000000 80000000 100000000 4000000000 0
200001 1000001 2000001 40000001 1000000001 4000000001 8000000001 200002 4000002 20000002 200000002 800000002 1000000002 4000000002 200004 10000004 20000004 40000004 80000004 200000004 1000000004 800008 4000008 10000008 20000008 40000008 200000008 400000008 800000008 2000000008 100010 200010 1000010 4000010 8000010 10000010 40000010 100000010 200000010 400000010 800000010 1000000010 4000000010 8000000010 100020 200020 400020 800020 1000020 2000020 8000020 80000020 100000020 800000020 1000000020 2000000020 8000000020 200040 800040 2000040 4000040 8000040 10000040 20000040 40000040 80000040 100000040 200000040 800000040 2000000040 1000080 4000080 8000080 80000080 400000080 800000080 4000000080 100100 1000100 2000100 4000100 10000100 20000100 100000100 200000100 1000000100 2000000100 4000000100 200200 400200 800200 2000200 8000200 40000200 80000200 1000000200 2000000200 8000000200 200400 800400 2000400 4000400 100000400 400000400 1000000400 8000000400 100800 800800 1000800 4000800 8000800 20000800 100000800 400000800 8000000800 101000 401000 1001000 4001000 20001000 100001000 200001000 400001000 1000001000 102000 1002000 2002000 4002000 20002000 80002000 100002000 200002000 400002000 2000002000 4000002000 8000002000 104000 204000 2004000 4004000 8004000 100004000 800004000 1000004000 4000004000 108000 208000 8008000 10008000 80008000 200008000 400008000 1000008000 8000008000 210000 410000 810000 1010000 4010000 8010000 40010000 80010000 100010000 200010000 400010000 1000010000 2000010000 4000010000 8000010000 120000 220000 420000 820000 2020000 10020000 80020000 400020000 2000020000 4000020000 8000020000 840000 4040000 20040000 40040000 80040000 100040000 1000040000 2000040000 180000 4080000 8080000 80080000 100080000 200080000 400080000 1000080000 4000080000 1 4 8 40 100 400 4000 8000 40000 100000 200000 400000 2000000 20000000 40000000 80000000 200000000 800000000 2000000000 8000000000
100001 200001 1000001 4000001 10000001 80000001 100000001 200000001 400000001 2000000001 4000000001 100002 200002 1000002 2000002 4000002 20000002 80000002 200000002 800000002 4000000002 100004 200004 800004 4000004 10000004 40000004 200000004 400000004 800000004 4000000004 8000000004 100008 200008 2000008 20000008 200000008 400000008 1000000008 8000000008 100010 1000010 4000010 8000010 10000010 20000010 80000010 800000010 1000000010 2000000010 4000000010 200020 800020 2000020 4000020 8000020 40000020 200000020 800000020 1000000020 4000000020 8000000020 200040 400040 800040 1000040 2000040 8000040 80000040 100000040 200000040 400000040 2000000040 4000000040 8000000040 400080 2000080 8000080 20000080 40000080 2000000080 8000000080 100100 800100 1000100 2000100 8000100 20000100 80000100 100000100 200000100 800000100 1000000100 2000000100 8000000100 100200 200200 400200 1000200 2000200 4000200 8000200 10000200 20000200 40000200 800000200 1000000200 2000000200 8000000200 100400 400400 4000400 8000400 10000400 40000400 100000400 200000400 400000400 800000400 1000000400 2000000400 200800 4000800 800000800 2000000800 4000000800 201000 801000 1001000 8001000 20001000 80001000 100001000 1000001000 4000001000 202000 802000 1002000 2002000 20002000 40002000 100002000 800002000 2000002000 4000002000 20004000 80004000 100004000 200004000 800004000 1000004000 2000004000 4000004000 108000 1008000 4008000 8008000 20008000 40008000 80008000 100008000 200008000 800008000 1000008000 2000008000 8000008000 110000 210000 810000 2010000 4010000 8010000 20010000 80010000 200010000 800010000 1000010000 2000010000 120000 220000 420000 820000 2020000 10020000 100020000 200020000 800020000 1000020000 4000020000 8000020000 240000 440000 840000 1040000 8040000 20040000 40040000 80040000 100040000 200040000 1000040000 4000040000 180000 280000 480000 2080000 4080000 8080000 20080000 40080000 100080000 400080000 800080000 8000080000 1 2 4 8 80 200 800 2000 8000 20000 40000 80000 200000 1000000 8000000 10000000 20000000 80000000 400000000 2000000000 4000000000 8000000000
100001 400001 800001 1000001 2000001 8000001 40000001 80000001 100000001 200000001 400000001 800000001 4000000001 100002 4000002 80000002 400000002 2000000002 4000000002 8000000002 100004 400004 2000004 4000004 20000004 200000004 800000004 1000000004 100008 400008 1000008 2000008 4000008 20000008 40000008 200000008 800000008 1000000008 4000000008 8000000008 400010 800010 1000010 2000010 4000010 10000010 20000010 80000010 200000010 800000010 1000000010 8000000010 100020 200020 8000020 10000020 20000020 40000020 100000020 400000020 1000000020 2000000020 8000000020 800040 1000040 2000040 10000040 20000040 40000040 80000040 100000040 400000040 800000040 2000000040 8000000040 100080 200080 1000080 2000080 10000080 20000080 40000080 80000080 400000080 800000080 1000000080 8000000080 400100 2000100 4000100 8000100 20000100 80000100 100000100 200000100 400000100 100200 400200 8000200 10000200 40000200 2000000200 100400 800400 4000400 80000400 100000400 200000400 800000400 1000000400 2000000400 200800 2000800 4000800 10000800 40000800 80000800 100000800 200000800 1000000800 401000 1001000 10001000 20001000 40001000 100001000 200001000 400001000 800001000 1000001000 4000001000 8000001000 802000 2002000 8002000 40002000 80002000 100002000 200002000 400002000 1000002000 2000002000 4000002000 8000002000 1004000 8004000 20004000 80004000 200004000 400004000 800004000 1000004000 2000004000 208000 1008000 8008000 10008000 20008000 40008000 80008000 100008000 200008000 400008000 800008000 1000008000 2000008000 4000008000 8000008000 110000 810000 1010000 2010000 4010000 8010000 10010000 40010000 80010000 100010000 200010000 800010000 8000010000 120000 220000 820000 1020000 2020000 4020000 8020000 10020000 40020000 200020000 1000020000 2000020000 4000020000 140000 1040000 2040000 8040000 20040000 80040000 200040000 2000040000 4000040000 180000 280000 1080000 4080000 10080000 40080000 100080000 400080000 800080000 1000080000 4000080000 1 2 10 40 100 1000 20000 400000 2000000 8000000 100000000 200000000 400000000 4000000000 8000000000 0
200001 800001 2000001 4000001 10000001 40000001 80000001 100000001 200000001 400000001 8000000001 200002 400002 1000002 2000002 4000002 8000002 10000002 40000002 1000000002 4000000002 8000000002 100004 200004 400004 800004 1000004 10000004 80000004 1000000004 4000000004 100008 200008 1000008 2000008 4000008 100000008 400000008 1000010 2000010 10000010 80000010 100000010 800000010 1000000010 2000000010 8000000010 400020 800020 1000020 2000020 4000020 8000020 10000020 20000020 80000020 800000020 1000000020 2000000020 4000000020 8000000020 100040 400040 1000040 2000040 4000040 8000040 10000040 20000040 40000040 200000040 800000040 4000000040 100080 200080 1000080 4000080 8000080 10000080 40000080 80000080 400000080 800000080 4000000080 400100 800100 1000100 4000100 10000100 400000100 800000100 1000000100 100200 200200 800200 1000200 2000200 4000200 20000200 40000200 400000200 800000200 1000000200 8000000200 200400 800400 1000400 2000400 8000400 10000400 80000400 400000400 800000400 1000000400 2000000400 8000000400 4000800 8000800 40000800 80000800 100000800 200000800 800000800 1000000800 4000000800 8000000800 101000 1001000 4001000 10001000 1000001000 2000001000 4000001000 202000 402000 2002000 4002000 8002000 10002000 40002000 400002000 1000002000 4000002000 8000002000 104000 204000 404000 4004000 8004000 400004000 2000004000 8000004000 1008000 2008000 4008000 10008000 20008000 80008000 100008000 400008000 810000 1010000 4010000 40010000 200010000 400010000 2000010000 1020000 4020000 10020000 40020000 100020000 1000020000 440000 840000 1040000 2040000 8040000 10040000 20040000 40040000 80040000 100040000 480000 880000 4080000 40080000 400080000 8000080000 4 8 80 100 400 800 4000 20000 80000 800000 1000000 2000000 10000000 20000000 40000000 200000000 4000000000 8000000000
200001 2000001 4000001 8000001 10000001 80000001 200000001 400000001 1000000001 2000000001 8000000001 8000002 10000002 20000002 40000002 100000002 200000002 800000002 8000000002 100004 200004 400004 1000004 2000004 4000004 8000004 10000004 100000004 200000004 400000004 800000004 8000000004 400008 1000008 4000008 80000008 800000008 1000000008 2000000008 8000000008 100010 400010 800010 8000010 10000010 80000010 100000010 200000010 400000010 800000010 1000000010 2000000010 4000000010 8000000010 100020 200020 400020 800020 1000020 2000020 4000020 400000020 800000020 1000000020 4000000020 100040 200040 400040 800040 2000040 20000040 80000040 100000040 1000000040 8000000040 400080 1000080 4000080 8000080 10000080 20000080 80000080 800000080 2000000080 4000000080 8000000080 100100 800100 2000100 4000100 10000100 20000100 100000100 200000100 800000100 1000000100 2000000100 8000000100 100200 200200 800200 1000200 2000200 4000200 40000200 400000200 2000000200 200400 4000400 20000400 40000400 80000400 4000000400 100800 200800 2000800 4000800 10000800 20000800 40000800 80000800 100000800 400000800 2000000800 8000000800 101000 801000 1001000 2001000 8001000 10001000 20001000 80001000 100001000 2000001000 4000001000 102000 202000 1002000 2002000 8002000 10002000 20002000 400002000 800002000 2000002000 4000002000 104000 404000 2004000 20004000 80004000 100004000 200004000 400004000 1000004000 208000 408000 808000 2008000 4008000 10008000 20008000 200008000 400008000 800008000 1000008000 8000008000 1010000 2010000 4010000 8010000 10010000 20010000 40010000 80010000 200010000 400010000 800010000 1000010000 4000010000 120000 820000 1020000 40020000 80020000 100020000 200020000 800020000 2000020000 140000 240000 440000 840000 10040000 20040000 80040000 400040000 1000040000 2000040000 880000 2080000 4080000 8080000 10080000 80080000 100080000 400080000 800080000 2000080000 4000080000 1 2 4 10 20 40 80 400 1000 2000 8000 40000 200000 400000 800000 1000000 4000000 10000000 200000000 800000000 1000000000 4000000000 0
200001 800001 10000001 80000001 100000001 200000001 400000001 1000000001 200002 400002 1000002 2000002 4000002 8000002 400000002 100004 1000004 8000004 100000004 400000004 4000000004 100008 400008 800008 1000008 2000008 8000008 10000008 200000008 800000008 1000000008 8000000008 100010 200010 2000010 4000010 8000010 10000010 20000010 800000010 1000000010 8000000010 100020 200020 800020 4000020 8000020 20000020 40000020 80000020 100000020 200000020 400000020 800000020 1000000020 2000000020 4000000020 8000000020 100040 200040 400040 800040 1000040 8000040 10000040 40000040 80000040 200000040 400000040 2000000040 4000000040 100080 200080 8000080 10000080 20000080 40000080 80000080 100000080 200000080 400000080 800000080 1000000080 1000100 2000100 10000100 20000100 200000100 400000100 800000100 1000000100 8000000100 200200 1000200 4000200 8000200 10000200 40000200 80000200 200000200 400000200 1000000200 4000000200 200400 400400 1000400 2000400 4000400 10000400 40000400 80000400 100000400 200000400 8000000400 100800 200800 2000800 10000800 40000800 200000800 400000800 1000000800 801000 1001000 2001000 8001000 10001000 40001000 80001000 400001000 800001000 102000 202000 802000 2002000 4002000 8002000 20002000 80002000 800002000 4000002000 204000 404000 2004000 80004000 100004000 800004000 1000004000 2000004000 8000004000 208000 808000 1008000 8008000 10008000 20008000 80008000 100008000 1000008000 8000008000 110000 210000 810000 1010000 4010000 8010000 10010000 40010000 200010000 220000 8020000 10020000 20020000 80020000 100020000 200020000 400020000 2000020000 4000020000 840000 2040000 4040000 8040000 10040000 20040000 40040000 80040000 800040000 1000040000 180000 280000 1080000 20080000 200080000 400080000 800080000 2000080000 4000080000 8000080000 2 10 20 40 200 400 800 1000 2000 4000 10000 200000 400000 1000000 4000000 8000000 100000000 200000000 400000000 2000000000 4000000000
200001 800001 1000001 20000001 40000001 80000001 100000001 2000000001 8000000001 100002 800002 1000002 4000002 8000002 10000002 20000002 40000002 80000002 100000002 2000000002 200004 800004 1000004 2000004 20000004 40000004 100000004 200000004 800000004 8000000004 100008 400008 1000008 2000008 4000008 100000008 800000008 1000000008 8000000008 100010 200010 800010 400000010 2000000010 8000000010 100020 200020 2000020 8000020 200000020 1000000020 2000000020 4000000020 8000000020 200040 400040 800040 1000040 4000040 10000040 20000040 100000040 800000040 4000000040 200080 400080 800080 1000080 2000080 10000080 20000080 2000000080 8000000080 100100 400100 800100 2000100 8000100 10000100 200000100 8000000100 200200 400200 800200 4000200 20000200 40000200 2000000200 100400 400400 1000400 20000400 100000400 400000400 2000000400 8000000400 400800 1000800 2000800 4000800 10000800 40000800 80000800 100000800 800000800 1000000800 2000000800 8000000800 101000 201000 401000 2001000 4001000 8001000 20001000 40001000 100001000 200001000 400001000 2000001000 202000 2002000 8002000 10002000 20002000 40002000 80002000 100002000 800002000 4000002000 8000002000 804000 2004000 8004000 20004000 80004000 400004000 1000004000 2000004000 8000004000 208000 408000 2008000 20008000 40008000 80008000 800008000 1000008000 2000008000 4000008000 110000 210000 410000 810000 2010000 4010000 20010000 40010000 80010000 100010000 200010000 4000010000 8000010000 420000 820000 4020000 20020000 40020000 100020000 200020000 4000020000 440000 4040000 8040000 10040000 40040000 80040000 100040000 400040000 1000040000 2000040000 4000040000 8000040000 280000 2080000 40080000 100080000 200080000 2000080000 8000080000 2 4 40 100 800 4000 8000 10000 400000 800000 8000000 20000000 80000000 100000000 4000000000 8000000000 0
400001 8000001 20000001 200000001 400000001 4000000001 8000000001 100002 200002 400002 800002 1000002 4000002 8000002 10000002 20000002 40000002 80000002 800000002 2000000002 8000000002 100004 200004 400004 800004 1000004 4000004 8000004 20000004 800000004 100008 200008 800008 1000008 4000008 10000008 20000008 100000008 200000008 2000000008 400010 1000010 2000010 4000010 8000010 40000010 100000010 8000000010 100020 200020 400020 800020 1000020 8000020 20000020 80000020 100000020 200000020 400000020 1000000020 4000000020 8000000020 400040 800040 1000040 2000040 8000040 10000040 20000040 100000040 200000040 400000040 800000040 1000000040 4000000040 100080 200080 400080 1000080 2000080 10000080 20000080 40000080 100000080 2000000080 100100 400100 1000100 2000100 8000100 10000100 20000100 80000100 100000100 200000100 2000000100 8000000100 100200 200200 400200 2000200 4000200 10000200 40000200 80000200 100000200 2000000200 8000000200 400400 800400 10000400 20000400 80000400 400000400 4000000400 8000000400 100800 200800 800800 1000800 4000800 20000800 80000800 100000800 800000800 4000000800 8000000800 101000 201000 4001000 8001000 10001000 80001000 100001000 200001000 400001000 800001000 1000001000 4000001000 202000 802000 1002000 2002000 4002000 10002000 80002000 200002000 400002000 1000002000 8000002000 104000 204000 404000 804000 1004000 8004000 10004000 40004000 200004000 800004000 1000004000 4000004000 108000 208000 808000 8008000 40008000 80008000 100008000 200008000 400008000 1000008000 110000 210000 810000 4010000 8010000 80010000 800010000 2000010000 2020000 8020000 10020000 40020000 800020000 2000020000 140000 440000 840000 1040000 2040000 8040000 20040000 80040000 200040000 800040000 2000040000 8000040000 480000 880000 4080000 20080000 40080000 80080000 100080000 200080000 800080000 4000080000 8000080000 20 80 100 400 800 1000 4000 10000 100000 400000 800000 1000000 8000000 10000000 20000000 80000000 400000000 1000000000 2000000000
200001 800001 1000001 2000001 8000001 10000001 40000001 800000001 1000000001 4000000001 400002 800002 10000002 200000002 400000002 1000000002 4000000002 400004 800004 1000004 4000004 8000004 100000004 200000004 1000000004 4000000004 8000000004 200008 400008 800008 2000008 10000008 20000008 40000008 100000008 800000008 2000000008 4000000008 1000010 2000010 10000010 20000010 40000010 80000010 100000010 200000010 800000010 1000000010 2000000010 100020 800020 2000020 4000020 8000020 10000020 20000020 80000020 100000020 200000020 1000000020 8000000020 100040 2000040 20000040 40000040 80000040 200000040 800000040 1000000040 8000000040 100080 400080 400000080 800000080 4000100 2000000100 100200 800200 1000200 2000200 8000200 10000200 40000200 80000200 100000200 200000200 400000200 800000200 2000000200 8000000200 1000400 4000400 40000400 100000400 200000400 800000400 2000000400 100800 400800 4000800 10000800 40000800 80000800 100000800 4000000800 8000000800 101000 201000 801000 4001000 8001000 20001000 40001000 100001000 400001000 800001000 1000001000 2000001000 4000001000 8000001000 802000 1002000 20002000 200002000 800002000 1000002000 2000002000 204000 404000 804000 2004000 4004000 8004000 100004000 200004000 400004000 1000004000 4000004000 8000004000 108000 208000 408000 808000 80008000 100008000 200008000 800008000 1000008000 2000008000 4000008000 8000008000 110000 210000 410000 810000 4010000 20010000 80010000 100010000 400010000 2000010000 8000010000 220000 420000 820000 1020000 2020000 8020000 10020000 20020000 400020000 800020000 2000020000 4000020000 8000020000 240000 440000 2040000 4040000 8040000 40040000 80040000 100040000 200040000 2000040000 8000040000 180000 280000 2080000 10080000 200080000 1000080000 2000080000 8000080000 1 4 8 10 40 200 800 8000 10000 20000 80000 100000 400000 20000000 80000000 100000000 2000000000 4000000000 0
200001 400001 2000001 8000001 10000001 40000001 100000001 800000001 2000000001 8000000001 200002 1000002 4000002 8000002 20000002 40000002 80000002 400000002 800000002 1000000002 8000000002 400004 1000004 4000004 10000004 80000004 100000004 200000004 4000000004 8000000004 100008 200008 1000008 2000008 8000008 10000008 20000008 40000008 80000008 100000008 200000008 400000008 1000000008 8000000008 200010 800010 2000010 4000010 40000010 80000010 400000010 800000010 1000000010 4000000010 400020 800020 1000020 2000020 10000020 400000020 800000020 1000000020 4000000020 200040 1000040 2000040 4000040 8000040 10000040 40000040 100000040 800000040 2000000040 100080 200080 800080 2000080 80000080 400000080 1000000080 8000000080 200100 2000100 8000100 20000100 40000100 80000100 100000100 200000100 1000000100 2000000100 4000000100 8000000100 100200 400200 800200 1000200 8000200 10000200 20000200 40000200 80000200 100000200 400000200 800000200 4000000200 100400 2000400 8000400 10000400 20000400 80000400 100000400 200000400 800000400 2000000400 4000000400 8000000400 200800 800800 1000800 4000800 10000800 400000800 800000800 1000000800 4000000800 8000000800 201000 401000 4001000 8001000 20001000 40001000 800001000 1000001000 2000001000 8000001000 102000 202000 402000 1002000 2002000 10002000 20002000 40002000 100002000 200002000 400002000 800002000 2000002000 8000002000 104000 804000 1004000 4004000 8004000 40004000 80004000 800004000 2000004000 4000004000 8000004000 808000 2008000 4008000 8008000 80008000 100008000 400008000 8000008000 210000 410000 810000 1010000 2010000 4010000 8010000 40010000 80010000 100010000 200010000 800010000 2000010000 4000010000 8000010000 120000 220000 420000 10020000 80020000 100020000 400020000 1000020000 2000020000 4000020000 8000020000 10040000 20040000 100040000 800040000 280000 880000 1080000 8080000 20080000 40080000 80080000 100080000 2000080000 4000080000 8 10 20 40 80 100 200 800 2000 8000 40000 80000 100000 200000 400000 1000000 8000000 10000000 20000000 40000000 100000000 200000000 400000000 2000000000 4000000000 8000000000 0
100001 800001 1000001 40000001 80000001 100000001 200000001 400000001 2000000001 400002 800002 1000002 40000002 80000002 100000002 200000002 400000002 800000002 1000000002 4000000002 100004 200004 400004 800004 1000004 2000004 4000004 8000004 10000004 20000004 80000004 200000004 2000000004 4000000004 8000000004 200008 1000008 8000008 10000008 20000008 40000008 100000008 100010 200010 1000010 2000010 4000010 100000010 1000000010 2000000010 100020 2000020 8000020 10000020 20000020 1000000020 2000000020 200040 400040 1000040 2000040 4000040 80000040 100000040 100080 200080 400080 800080 2000080 4000080 8000080 10000080 40000080 100000080 400000080 2000000080 400100 8000100 20000100 40000100 1000000100 8000000100 100200 8000200 40000200 80000200 100000200 400000200 800000200 2000000200 4000000200 8000000200 100400 400400 800400 1000400 2000400 4000400 20000400 40000400 200000400 800000400 1000000400 4000000400 400800 800800 2000800 10000800 20000800 80000800 100000800 200000800 400000800 1000000800 2000000800 201000 401000 1001000 2001000 4001000 800001000 1000001000 4000001000 202000 1002000 2002000 4002000 8002000 10002000 20002000 100002000 400002000 800002000 4000002000 204000 404000 1004000 2004000 4004000 8004000 10004000 40004000 200004000 400004000 800004000 1000004000 4000004000 8000004000 108000 208000 808000 2008000 8008000 10008000 20008000 40008000 80008000 200008000 800008000 1000008000 2000008000 110000 210000 410000 810000 1010000 2010000 8010000 80010000 100010000 200010000 400010000 800010000 4000010000 8000010000 120000 220000 10020000 80020000 100020000 200020000 400020000 800020000 1000020000 2000020000 140000 240000 440000 840000 1040000 4040000 20040000 40040000 400040000 800040000 1000040000 4000040000 180000 280000 480000 1080000 2080000 10080000 40080000 100080000 200080000 8 10 20 80 200 1000 8000 10000 100000 200000 400000 800000 20000000 40000000 80000000 100000000 200000000 2000000000 8000000000
200001 400001 800001 4000001 10000001 80000001 400000001 2000000001 8000000001 100002 400002 2000002 8000002 20000002 40000002 400000002 800000002 1000000002 4000000002 8000000002 200004 800004 1000004 2000004 4000004 20000004 80000004 100000004 200000004 2000000004 800008 4000008 40000008 200000008 1000000008 4000000008 8000000008 200010 1000010 4000010 10000010 40000010 80000010 200000010 400000010 800000010 8000000010 100020 1000020 2000020 4000020 10000020 400000020 100040 400040 80000040 100000040 400000040 1000000040 2000000040 8000000040 400080 800080 1000080 2000080 4000080 8000080 10000080 40000080 400000080 1000000080 2000000080 4000000080 100100 200100 800100 1000100 2000100 20000100 40000100 100000100 400000100 800000100 4000000100 100200 200200 400200 1000200 8000200 10000200 20000200 40000200 200000200 800000200 1000000200 8000000200 400400 4000400 8000400 10000400 80000400 400000400 1000000400 2000000400 4000000400 8000000400 100800 400800 1000800 2000800 8000800 10000800 80000800 400000800 800000800 2000000800 4000000800 8000000800 1001000 4001000 8001000 40001000 100001000 200001000 800001000 2000001000 102000 1002000 2002000 4002000 10002000 80002000 100002000 4000002000 8000002000 104000 204000 404000 1004000 20004000 200004000 8000004000 108000 2008000 8008000 20008000 40008000 80008000 200008000 400008000 1000008000 2000008000 8000008000 210000 410000 810000 1010000 2010000 10010000 400010000 420000 820000 8020000 20020000 40020000 80020000 200020000 1000020000 140000 440000 1040000 20040000 40040000 80040000 200040000 800040000 1080000 2080000 4080000 8080000 10080000 20080000 40080000 200080000 400080000 800080000 20 40 100 400 800 1000 2000 4000 20000 200000 4000000 8000000 10000000 100000000 200000000 400000000 800000000 1000000000 4000000000
100001 200001 1000001 4000001 8000001 10000001 20000001 100000001 800000001 1000000001 2000000001 4000000001 8000000001 400002 800002 2000002 8000002 10000002 20000002 80000002 200000002 400000002 400004 800004 2000004 4000004 8000004 20000004 80000004 200000004 800000004 2000000004 4000000004 8000000004 1000008 2000008 40000008 100000008 400000008 2000000008 4000000008 8000000008 100010 200010 8000010 10000010 100000010 200000010 400000010 800000010 2000000010 4000000010 8000000010 100020 400020 800020 2000020 4000020 20000020 80000020 100000020 200000020 1000000020 2000000020 4000000020 200040 400040 1000040 2000040 4000040 8000040 20000040 80000040 100000040 200000040 800000040 1000000040 100080 200080 400080 800080 4000080 8000080 10000080 20000080 40000080 200000080 800000080 1000000080 4000000080 8000000080 100100 200100 400100 1000100 4000100 10000100 40000100 80000100 800000100 8000000100 200200 800200 2000200 8000200 20000200 200000200 800000200 1000000200 4000000200 8000000200 100400 400400 1000400 80000400 100000400 1000000400 200800 8000800 20000800 40000800 80000800 100000800 400000800 2000000800 101000 201000 801000 1001000 4001000 8001000 10001000 20001000 40001000 80001000 100001000 200001000 800001000 2000001000 4000001000 802000 4002000 8002000 20002000 40002000 80002000 100002000 400002000 1000002000 4000002000 8000002000 104000 804000 1004000 2004000 4004000 8004000 80004000 100004000 1000004000 2000004000 8000004000 208000 808000 1008000 4008000 10008000 40008000 200008000 800008000 8000008000 210000 410000 8010000 10010000 40010000 80010000 100010000 200010000 400010000 800010000 4000010000 2020000 8020000 40020000 100020000 800020000 8000020000 140000 240000 840000 1040000 2040000 8040000 10040000 80040000 100040000 200040000 400040000 1000040000 2000040000 180000 2080000 4080000 10080000 20080000 40080000 80080000 100080000 200080000 800080000 2000080000 4000080000 2 10 20 80 8000 20000 40000 80000 100000 800000 1000000 8000000 10000000 20000000 400000000 1000000000 4000000000 0
100001 800001 8000001 10000001 20000001 800000001 400002 1000002 2000002 10000002 80000002 2000000002 1000004 2000004 10000004 80000004 1000000004 2000000004 2000008 10000008 80000008 100000008 200000008 400000008 800000008 2000000008 8000000008 100010 200010 400010 800010 2000010 4000010 20000010 40000010 80000010 100000010 200000010 800000010 2000000010 8000000010 100020 400020 1000020 8000020 10000020 40000020 200000020 800000020 1000000020 2000000020 4000000020 8000000020 100040 800040 2000040 10000040 20000040 40000040 100000040 200000040 400000040 800000040 1000000040 4000000040 200080 400080 800080 1000080 4000080 8000080 20000080 40000080 100000080 200000080 400000080 2000000080 4000000080 8000000080 100100 200100 400100 4000100 8000100 10000100 20000100 40000100 400000100 8000000100 100200 400200 1000200 4000200 10000200 20000200 400000200 1000000200 4000000200 8000000200 100400 400400 800400 1000400 2000400 4000400 8000400 400000400 800000400 1000000400 2000000400 100800 2000800 4000800 10000800 40000800 80000800 100000800 1001000 8001000 20001000 100001000 200001000 800001000 2000001000 4000001000 102000 202000 4002000 8002000 20002000 100002000 200002000 800002000 1000002000 4000002000 8000002000 404000 1004000 2004000 8004000 10004000 20004000 80004000 200004000 2000004000 8000004000 2008000 8008000 10008000 20008000 40008000 100008000 400008000 800008000 1000008000 2000008000 4000008000 110000 210000 410000 810000 4010000 40010000 80010000 200010000 1000010000 2000010000 8000010000 120000 220000 820000 1020000 2020000 4020000 10020000 20020000 80020000 400020000 800020000 1000020000 4000020000 240000 840000 1040000 2040000 4040000 8040000 10040000 80040000 100040000 200040000 4000040000 8000040000 180000 480000 2080000 8080000 10080000 20080000 40080000 100080000 200080000 400080000 800080000 2000080000 4 10 40 80 100 400 800 1000 4000 8000 80000 400000 1000000 2000000 4000000 200000000 400000000 800000000 4000000000 8000000000 0
100001 200001 1000001 2000001 20000001 80000001 200000001 800000001 4000000001 100002 400002 800002 8000002 10000002 800000002 2000000002 100004 800004 1000004 2000004 4000004 8000004 40000004 80000004 100000004 200000004 100008 800008 1000008 4000008 20000008 40000008 200000008 800000008 1000000008 2000000008 4000000008 200010 800010 10000010 20000010 80000010 100000010 400000010 1000000010 8000000010 200020 400020 1000020 2000020 8000020 10000020 40000020 100000020 400000020 1000000020 2000000020 8000000020 100040 200040 2000040 10000040 80000040 200000040 800000040 2000000040 8000000040 100080 400080 10000080 100000080 200000080 800000080 1000000080 2000000080 4000000080 100100 200100 800100 1000100 8000100 10000100 20000100 40000100 80000100 200000100 400000100 800000100 1000000100 4000000100 8000000100 200200 400200 800200 8000200 10000200 80000200 2000000200 4000000200 8000000200 200400 400400 1000400 2000400 4000400 10000400 20000400 80000400 800000400 4000000400 8000000400 100800 200800 400800 800800 2000800 4000800 8000800 10000800 400000800 1000000800 4000000800 8000000800 101000 401000 2001000 20001000 40001000 80001000 200001000 800001000 1000001000 2000001000 4000001000 8000001000 102000 202000 402000 802000 1002000 2002000 4002000 1000002000 2000002000 8000002000 204000 404000 1004000 2004000 4004000 10004000 20004000 40004000 200004000 1000004000 2000004000 4000004000 408000 2008000 10008000 40008000 80008000 100008000 400008000 800008000 1000008000 2000008000 8000008000 410000 1010000 2010000 20010000 80010000 100010000 200010000 400010000 2000010000 120000 220000 420000 2020000 10020000 100020000 800020000 1000020000 2000020000 8000020000 140000 440000 840000 2040000 4040000 10040000 20040000 400040000 800040000 2000040000 4000040000 8000040000 180000 480000 4080000 8080000 10080000 20080000 80080000 100080000 200080000 400080000 2000080000 8 80 100 200 800 1000 2000 8000 80000 200000 400000 1000000 2000000 10000000 20000000 40000000 400000000 800000000 1000000000 4000000000 0
400001 800001 1000001 2000001 4000001 40000001 100000001 200000001 400000001 1000000001 2000000001 4000000001 8000000001 100002 200002 400002 2000002 10000002 40000002 100000002 200000002 400000002 2000000002 4000000002 8000000002 400004 800004 4000004 8000004 10000004 40000004 400000004 4000000004 8000000004 100008 800008 2000008 8000008 40000008 80000008 200000008 400000008 800000008 4000000008 100010 1000010 8000010 80000010 200000010 400000010 1000000010 2000000010 4000000010 100020 400020 2000020 4000020 10000020 20000020 80000020 800000020 1000000020 100040 400040 800040 10000040 80000040 400000040 800000040 1000000040 2000000040 8000000040 200080 800080 10000080 20000080 80000080 100000080 200000080 400000080 800000080 2000000080 100100 400100 800100 2000100 40000100 80000100 2000000100 1000200 100000200 800000200 2000000200 100400 200400 1000400 10000400 40000400 80000400 200000400 400000400 800000400 1000000400 2000000400 4000000400 100800 200800 400800 800800 4000800 8000800 80000800 100000800 400000800 800000800 2000000800 8000000800 201000 2001000 8001000 10001000 20001000 40001000 100001000 800001000 1000001000 4000001000 102000 202000 802000 1002000 2002000 8002000 40002000 100002000 200002000 400002000 800002000 1000002000 4000002000 8000002000 404000 1004000 10004000 40004000 80004000 100004000 400004000 800004000 2000004000 208000 408000 808000 4008000 20008000 100008000 400008000 4000008000 210000 410000 2010000 4010000 8010000 10010000 20010000 200010000 400010000 4000010000 120000 220000 2020000 20020000 80020000 2000020000 240000 440000 2040000 10040000 40040000 100040000 1000040000 8000040000 180000 280000 480000 1080000 8080000 20080000 40080000 100080000 1000080000 2000080000 1 2 20 40 100 200 800 1000 10000 100000 800000 4000000 8000000 40000000 80000000 100000000 2000000000 4000000000 8000000000
800001 1000001 2000001 8000001 800000001 4000000001 1000002 20000002 80000002 200000002 400000002 4000000002 100004 200004 800004 4000004 8000004 20000004 40000004 80000004 400000004 800000004 1000000004 4000000004 8000000004 100008 400008 1000008 4000008 8000008 10000008 20000008 40000008 200000008 800000008 2000000008 8000000008 200010 400010 1000010 2000010 4000010 8000010 10000010 40000010 80000010 100000010 200000010 2000000010 8000000010 100020 200020 400020 800020 1000020 4000020 10000020 20000020 80000020 100000020 200000020 800000020 1000000020 2000000020 4000000020 8000000020 100040 400040 2000040 10000040 80000040 400000040 800000040 1000000040 2000000040 8000000040 400080 1000080 2000080 200000080 800000080 200100 1000100 10000100 20000100 40000100 80000100 1000000100 8000000100 100200 200200 400200 4000200 20000200 40000200 400000200 800000200 1000000200 2000000200 4000000200 100400 200400 400400 800400 1000400 8000400 10000400 80000400 100000400 400000400 1000000400 100800 200800 800800 1000800 4000800 10000800 20000800 40000800 80000800 100000800 200000800 201000 2001000 8001000 20001000 200001000 1000001000 2000001000 202000 4002000 8002000 20002000 80002000 100002000 800002000 4000002000 104000 404000 4004000 20004000 100004000 200004000 400004000 2000004000 408000 808000 8008000 20008000 40008000 80008000 400008000 8000008000 110000 210000 2010000 10010000 20010000 80010000 100010000 200010000 4000010000 8000010000 120000 220000 420000 820000 1020000 2020000 8020000 100020000 200020000 4000020000 240000 1040000 40040000 80040000 200040000 400040000 800040000 1000040000 2000040000 4000040000 8000040000 180000 280000 480000 880000 1080000 10080000 400080000 800080000 2000080000 4000080000 8000080000 20 100 400 1000 2000 8000 20000 40000 10000000 20000000 40000000 800000000 1000000000 2000000000 4000000000 8000000000
800001 2000001 20000001 40000001 100000001 200000001 4000000001 8000000001 800002 80000002 100000002 1000000002 2000000002 4000000002 400004 1000004 4000004 10000004 20000004 80000004 200000004 2000000004 8000000004 800008 2000008 10000008 40000008 80000008 400000008 800000008 4000000008 200010 800010 1000010 2000010 4000010 20000010 80000010 100000010 400000010 800000010 1000000010 8000000010 100020 200020 800020 1000020 4000020 10000020 20000020 400000020 800000020 1000000020 4000000020 8000000020 100040 200040 2000040 40000040 400000040 2000000040 4000000040 100080 800080 4000080 20000080 40000080 80000080 400000080 800000080 4000000080 8000000080 100100 200100 400100 800100 8000100 10000100 80000100 100000100 200000100 400000100 1000000100 2000000100 8000000100 800200 8000200 20000200 40000200 80000200 200000200 400000200 800000200 2000000200 4000000200 8000000200 400400 20000400 40000400 800000400 8000000400 100800 800800 1000800 10000800 40000800 100000800 200000800 800000800 1000000800 4000000800 8000000800 201000 401000 2001000 4001000 10001000 20001000 40001000 100001000 200001000 800001000 2000001000 402000 40002000 80002000 100002000 200002000 400002000 800002000 1000002000 4000002000 404000 804000 1004000 8004000 80004000 200004000 4000004000 8000004000 208000 808000 2008000 10008000 20008000 400008000 800008000 4000008000 8000008000 110000 210000 810000 1010000 2010000 4010000 8010000 10010000 40010000 100010000 200010000 2000010000 220000 1020000 2020000 4020000 8020000 10020000 20020000 40020000 200020000 800020000 4000020000 240000 440000 1040000 2040000 4040000 40040000 80040000 100040000 200040000 800040000 8000040000 180000 880000 1080000 8080000 10080000 20080000 40080000 400080000 1000080000 4000080000 8000080000 10 20 40 400 800 1000 2000 10000 20000 40000 80000 100000 200000 1000000 2000000 4000000 8000000 10000000 20000000 40000000 200000000 800000000 1000000000
400001 800001 2000001 8000001 20000001 40000001 80000001 200000001 2000000001 8000000001 200002 400002 800002 4000002 8000002 20000002 40000002 100000002 400000002 4000000002 8000000002 100004 200004 800004 2000004 20000004 100000004 200000004 800000004 4000000004 200008 400008 1000008 8000008 10000008 20000008 40000008 80000008 4000000008 8000000008 400010 2000010 10000010 20000010 80000010 100000010 200000010 1000000010 4000000010 100020 200020 800020 1000020 2000020 4000020 10000020 40000020 2000000020 8000000020 100040 200040 8000040 10000040 20000040 40000040 80000040 100000040 400000040 1000000040 2000000040 4000000040 8000000040 100080 200080 400080 800080 2000080 4000080 10000080 800000080 4000000080 8000000080 200100 400100 4000100 8000100 10000100 100000100 200000100 400000100 100200 800200 1000200 2000200 20000200 200000200 2000000200 4000000200 8000000200 100400 200400 400400 1000400 2000400 8000400 20000400 80000400 4000000400 8000000400 100800 200800 800800 1000800 2000800 10000800 80000800 100000800 4000000800 8000000800 1001000 2001000 20001000 40001000 200001000 400001000 1000001000 4000001000 202000 2002000 4002000 400002000 800002000 1000002000 2000002000 8000002000 204000 404000 804000 2004000 4004000 10004000 40004000 800004000 2000004000 4000004000 8000004000 108000 808000 1008000 4008000 40008000 200008000 400008000 1000008000 8000008000 110000 410000 2010000 8010000 80010000 1000010000 4000010000 1020000 8020000 20020000 100020000 2000020000 4000020000 140000 240000 4040000 10040000 20040000 40040000 80040000 200040000 400040000 800040000 2000040000 8000040000 280000 480000 880000 2080000 10080000 20080000 40080000 100080000 200080000 800080000 1000080000 4000080000 8000080000 2 10 400 800 2000 4000 80000 400000 2000000 20000000 200000000 2000000000 4000000000 8000000000
200001 400001 800001 2000001 8000001 10000001 40000001 100000001 200000001 800000001 1000000001 2000000001 4000000001 400002 1000002 4000002 8000002 10000002 20000002 40000002 200000002 800000002 1000000002 2000000002 8000000002 200004 800004 2000004 20000004 200000004 800000004 4000000004 200008 2000008 8000008 10000008 20000008 100000008 200000008 800000008 1000000008 8000000008 800010 8000010 10000010 40000010 200000010 1000000010 4000000010 100020 200020 1000020 2000020 4000020 8000020 40000020 100000020 200000020 400000020 1000000020 4000000020 8000000020 100040 200040 800040 2000040 20000040 80000040 100000040 200000040 400000040 800000040 1000000040 4000000040 200080 1000080 8000080 20000080 800000080 2000000080 4000000080 8000000080 100100 400100 800100 2000100 8000100 20000100 100000100 400000100 800000100 2000000100 100200 200200 800200 1000200 4000200 8000200 20000200 40000200 400000200 800000200 1000000200 8000000200 100400 400400 800400 1000400 2000400 8000400 10000400 20000400 40000400 100000400 200000400 400000400 1000000400 2000000400 4000000400 8000000400 400800 800800 80000800 200000800 400000800 2000000800 4000000800 8000000800 101000 401000 801000 4001000 8001000 200001000 400001000 1000001000 2000001000 8000001000 402000 802000 4002000 10002000 40002000 80002000 400002000 104000 404000 1004000 40004000 100004000 200004000 800004000 2000004000 4000004000 8000004000 808000 4008000 10008000 20008000 80008000 100008000 1000008000 8000008000 210000 410000 810000 1010000 8010000 10010000 80010000 100010000 200010000 120000 220000 420000 1020000 2020000 10020000 100020000 400020000 140000 240000 840000 2040000 4040000 8040000 10040000 200040000 1000040000 2000040000 4000040000 8000040000 180000 4080000 10080000 20080000 40080000 100080000 400080000 800080000 1000080000 8000080000 2 8 20 80 100 400 800 4000 8000 100000 200000 10000000 800000000 1000000000 2000000000 4000000000 8000000000 0
100001 200001 400001 2000001 8000001 10000001 40000001 80000001 100000001 200000001 1000000001 4000000001 100002 200002 800002 8000002 10000002 20000002 40000002 100000002 800000002 2000000002 4000000002 8000000002 100004 200004 400004 1000004 4000004 100000004 4000000004 8000000004 100008 400008 800008 2000008 4000008 20000008 40000008 1000000008 2000000008 100010 200010 800010 1000010 4000010 8000010 20000010 100000010 200000010 400000010 2000000010 4000000010 8000000010 200020 1000020 4000020 10000020 20000020 40000020 2000000020 100040 200040 400040 1000040 8000040 10000040 40000040 100000040 200000040 800000040 2000000040 4000000040 800080 1000080 2000080 4000080 8000080 10000080 20000080 80000080 100000080 400000080 1000000080 4000000080 8000000080 100100 200100 400100 2000100 8000100 10000100 40000100 80000100 100200 200200 400200 1000200 2000200 8000200 20000200 80000200 100000200 200000200 400000200 800000200 1000000200 2000000200 200400 400400 2000400 4000400 20000400 100000400 8000000400 200800 400800 800800 8000800 20000800 40000800 80000800 200000800 400000800 1000000800 2000000800 4000000800 201000 401000 801000 2001000 8001000 10001000 20001000 80001000 100001000 800001000 1000001000 2000001000 4000001000 202000 402000 2002000 4002000 8002000 20002000 40002000 80002000 100002000 200002000 800002000 1000002000 2000002000 104000 204000 804000 1004000 2004000 4004000 8004000 10004000 20004000 200004000 1000004000 2000004000 8000004000 108000 408000 1008000 4008000 40008000 200008000 400008000 4000008000 110000 210000 810000 2010000 4010000 8010000 10010000 20010000 200010000 800010000 1000010000 120000 820000 1020000 2020000 8020000 10020000 80020000 100020000 400020000 1000020000 8000020000 2040000 4040000 10040000 20040000 100040000 2000040000 4000040000 180000 480000 880000 4080000 20080000 40080000 80080000 100080000 400080000 800080000 1 10 40 400 1000 4000 10000 100000 200000 400000 2000000 4000000 8000000 40000000 80000000 100000000 800000000 2000000000 8000000000 0
800001 2000001 400000001 800000001 2000000001 4000000001 8000000001 100002 800002 4000002 10000002 20000002 40000002 80000002 100000002 400000002 800000002 8000000002 100004 800004 20000004 80000004 200000004 400000004 800000004 2000000004 100008 200008 1000008 8000008 10000008 40000008 100000008 100010 400010 800010 4000010 10000010 80000010 100000010 200000010 800000010 2000000010 8000000010 200020 2000020 8000020 10000020 40000020 80000020 100000020 400000020 2000000020 8000000020 100040 400040 1000040 2000040 4000040 8000040 20000040 40000040 80000040 800000040 1000000040 2000000040 4000000040 400080 800080 2000080 4000080 8000080 10000080 100000080 200000080 2000000080 1000100 4000100 40000100 80000100 100000100 200000100 400000100 2000000100 8000000100 100200 200200 800200 4000200 8000200 80000200 100000200 200000200 400000200 800000200 1000000200 200400 400400 2000400 4000400 8000400 10000400 20000400 40000400 200000400 400000400 800000400 1000000400 8000000400 100800 200800 800800 4000800 8000800 40000800 100000800 400000800 800000800 1000000800 101000 801000 1001000 2001000 10001000 20001000 40001000 400001000 2000001000 4000001000 8000001000 202000 402000 1002000 2002000 8002000 80002000 200002000 800002000 1000002000 4000002000 8000002000 104000 2004000 20004000 40004000 80004000 200004000 400004000 2000004000 4000004000 8000004000 1008000 2008000 4008000 8008000 10008000 100008000 400008000 8000008000 110000 410000 810000 2010000 10010000 20010000 80010000 100010000 200010000 400010000 800010000 120000 220000 820000 10020000 80020000 200020000 400020000 1000020000 4000020000 8000020000 2040000 4040000 100040000 200040000 400040000 1000040000 2000040000 180000 480000 8080000 10080000 40080000 4000080000 2 4 8 10 20 40 400 800 4000 10000 20000 40000 80000 200000 400000 800000 1000000 2000000 20000000 40000000 200000000 400000000 1000000000 2000000000 8000000000
200001 400001 800001 2000001 4000001 8000001 10000001 20000001 40000001 80000001 100000001 400000001 1000000001 2000000001 8000000001 100002 200002 400002 800002 1000002 4000002 20000002 100004 200004 400004 800004 1000004 8000004 10000004 20000004 40000004 80000004 800000004 1000000004 4000000004 8000000004 100008 200008 800008 1000008 2000008 8000008 20000008 40000008 200000008 1000000008 4000000008 8000000008 100010 200010 2000010 4000010 8000010 10000010 80000010 100000010 2000000010 200020 80000020 100000020 800000020 2000000020 4000000020 200040 1000040 10000040 200000040 400000040 2000000040 4000000040 100080 200080 400080 800080 1000080 4000080 40000080 80000080 200000080 1000000080 4000000080 8000000080 100100 400100 2000100 4000100 20000100 40000100 200000100 2000000100 8000000100 400200 800200 10000200 20000200 80000200 200000200 400000200 1000000200 8000000200 200400 400400 1000400 8000400 20000400 80000400 100000400 200000400 800000400 1000000400 2000000400 4000000400 200800 800800 1000800 2000800 4000800 20000800 80000800 200000800 400000800 800000800 1000000800 2000000800 4000000800 8000000800 1001000 80001000 200001000 1000001000 4000001000 102000 1002000 2002000 40002000 80002000 200002000 400002000 1000002000 4000002000 8000002000 104000 404000 1004000 2004000 4004000 10004000 20004000 40004000 100004000 400004000 4000004000 8000004000 408000 10008000 20008000 40008000 80008000 100008000 800008000 1000008000 4000008000 110000 210000 810000 2010000 4010000 10010000 80010000 800010000 1000010000 120000 420000 820000 1020000 2020000 4020000 8020000 100020000 800020000 1000020000 4000020000 8000020000 140000 240000 840000 1040000 2040000 4040000 10040000 40040000 200040000 2000040000 4000040000 8000040000 280000 480000 1080000 4080000 100080000 200080000 400080000 1000080000 4000080000 8000080000 4 20 40 100 400 800 2000 20000 40000 100000 200000 800000 4000000 8000000 20000000 40000000 80000000 100000000 400000000 2000000000 8000000000
400001 800001 1000001 4000001 40000001 80000001 100000001 800000001 8000000001 200002 2000002 4000002 20000002 80000002 200000002 400000002 1000000002 4000000002 8000000002 100004 200004 1000004 2000004 200000004 400000004 2000000004 4000000004 8000000004 100008 2000008 10000008 40000008 80000008 100000008 200000008 1000000008 2000000008 400010 80000010 100000010 1000000010 4000000010 8000000010 200020 4000020 80000020 400000020 8000000020 100040 400040 800040 2000040 8000040 10000040 20000040 40000040 200000040 800000040 1000000040 2000000040 200080 4000080 8000080 80000080 100000080 400000080 1000000080 2000000080 4000000080 8000000080 100100 200100 1000100 4000100 10000100 80000100 100000100 200000100 400000100 1000000100 4000000100 8000000100 400200 800200 2000200 8000200 10000200 80000200 100000200 800000200 200400 400400 2000400 8000400 10000400 40000400 80000400 100000400 200000400 400000400 800000400 4000000400 8000000400 100800 1000800 2000800 4000800 8000800 400000800 4000000800 1001000 2001000 80001000 100001000 200001000 400001000 800001000 4000001000 102000 202000 4002000 8002000 80002000 400002000 404000 804000 2004000 4004000 8004000 20004000 40004000 800004000 1000004000 2000004000 8000004000 208000 808000 2008000 8008000 10008000 20008000 400008000 800008000 2000008000 8000008000 410000 10010000 20010000 40010000 200010000 800010000 4000010000 820000 2020000 4020000 8020000 20020000 100020000 200020000 800020000 1000020000 8000020000 140000 8040000 20040000 40040000 800040000 1000040000 2000040000 180000 280000 1080000 2080000 4080000 20080000 40080000 800080000 4000080000 2 10 80 100 200 400 800 1000 2000 4000 10000 80000 100000 200000 400000 800000 1000000 4000000 8000000 200000000 400000000 1000000000 2000000000 8000000000 0
